09007744; 33 3 20 47 15; 6 3; 3-10-2015
44520310; 23 32 24 31 40; 2 4; 1-7-1915
39958975; 1 4 12 40 44; 2 6; 6-12-2011
78629314; 42 44 13 12 39; 1 4; 2-12-1966
64436366; 36 10 26 21 19; 7 5; 11-3-1921
20227013; 9 24 29 14 12; 1 5; 22-3-1936
86596058; 40 42 4 38 29; 8 5; 29-7-1966
68699632; 45 4 16 2 19; 7 8; 21-12-1952
10612948; 25 5 13 21 18; 3 5; 20-1-2019
51376699; 34 9 12 5 24; 2 10; 28-3-1940
54612863; 13 12 2 5 11; 10 8; 11-6-1981
18279611; 34 43 20 27 19; 10 6; 3-2-1955
25127587; 37 38 10 33 13; 6 1; 22-10-1995
85688219; 4 14 49 33 45; 4 2; 18-10-1991
13982949; 40 26 44 33 4; 9 3; 24-9-1996
60560490; 11 28 7 48 30; 6 7; 25-12-2009
15763139; 4 47 28 25 32; 9 8; 12-9-1993
65358387; 37 12 25 13 23; 10 5; 15-9-1965
04209374; 17 26 44 34 12; 3 4; 18-10-1929
36091026; 48 9 34 6 18; 4 9; 22-1-1970
92157099; 1 22 39 24 8; 8 4; 1-7-1995
46028992; 30 12 17 13 44; 2 8; 18-9-1932
82736082; 16 23 34 3 46; 7 8; 1-5-2017
35195247; 38 10 13 26 46; 1 7; 3-12-1970
94111626; 10 38 20 18 27; 7 8; 26-4-2012
20375596; 14 28 43 32 31; 5 2; 10-12-1902
63167288; 27 34 23 21 11; 7 8; 21-4-1953
47723910; 13 39 4 7 11; 9 10; 29-11-2012
38306326; 18 47 2 6 1; 9 2; 23-2-2021
83751686; 45 17 15 35 33; 3 4; 4-8-1989
92099252; 36 41 2 20 9; 2 3; 16-3-1958
37958627; 41 33 17 48 46; 10 8; 4-2-2001
39939030; 12 26 41 19 2; 3 10; 9-2-1966
98835515; 25 31 11 43 45; 3 10; 9-11-2009
15227565; 3 17 29 39 4; 5 7; 11-2-2014
93573253; 48 37 17 18 29; 5 1; 20-2-1965
79843862; 30 14 45 19 40; 10 8; 14-3-1942
61750710; 14 18 11 49 27; 3 2; 14-10-1917
16380287; 28 35 4 8 20; 1 2; 9-10-1922
26239319; 19 46 13 35 26; 7 8; 11-7-2006
79807053; 39 29 38 1 7; 9 4; 20-7-2002
08198392; 38 16 28 32 45; 1 10; 7-10-1993
42039157; 9 17 6 14 7; 6 8; 7-1-1975
71463768; 20 21 37 10 48; 8 6; 19-12-2015
67163561; 38 41 14 2 32; 1 5; 24-6-2005
41121994; 13 16 10 18 4; 9 3; 24-10-2018
97493237; 31 43 19 8 46; 1 9; 17-8-2015
66533816; 23 4 32 31 43; 2 9; 3-11-1914
48073281; 26 32 4 38 20; 7 9; 19-2-1906
10858659; 19 26 28 48 40; 8 3; 26-12-1967
23264352; 44 18 13 30 45; 2 10; 28-5-1906
40668934; 20 3 1 28 37; 1 10; 18-2-1980
02951138; 45 26 49 20 14; 2 1; 6-8-2002
83419927; 12 25 17 32 14; 6 4; 5-6-2010
80136349; 24 38 23 11 7; 9 8; 20-1-1979
35907116; 21 22 27 40 47; 1 9; 9-8-1923
80350437; 8 26 44 28 35; 7 6; 10-9-2017
80765633; 13 10 43 41 49; 7 3; 4-12-1987
02809018; 41 30 2 4 43; 7 9; 18-5-1935
83964494; 13 41 34 5 20; 1 3; 13-12-1942
04047817; 27 10 30 24 17; 8 2; 8-7-1966
05544975; 5 46 48 18 40; 2 3; 18-1-1928
29203175; 45 43 15 3 31; 5 2; 27-6-1971
19693432; 31 36 21 44 45; 2 5; 5-9-1930
66069669; 1 20 4 2 25; 2 1; 22-2-1936
09656421; 34 20 14 9 25; 4 7; 7-11-1919
70991365; 8 46 1 25 20; 4 7; 17-1-1966
80431653; 13 22 24 45 34; 10 2; 7-3-1976
72799650; 47 49 1 29 44; 5 1; 2-8-2013
34550199; 43 37 47 4 46; 9 5; 28-3-2009
24921273; 18 19 29 8 44; 5 4; 23-9-1940
07913592; 43 11 33 8 30; 10 2; 20-4-1982
68032811; 34 7 13 29 49; 6 1; 12-12-1962
64171824; 6 23 9 17 10; 2 5; 6-7-1931
99608572; 13 18 38 26 19; 3 7; 23-4-1923
99164496; 9 18 39 25 11; 10 8; 20-1-2021
65934924; 42 48 9 41 4; 7 8; 16-3-1904
14644084; 18 47 8 4 32; 7 5; 18-6-1935
05865316; 18 45 43 38 10; 4 3; 7-2-1921
87285474; 22 32 17 35 33; 8 9; 29-4-1925
78798287; 6 30 19 10 13; 4 9; 14-8-1986
97971077; 6 19 49 34 16; 5 7; 11-10-1954
71741094; 35 4 37 28 12; 3 5; 3-10-1999
29649554; 7 10 5 38 35; 6 4; 14-12-2018
11976200; 34 1 37 16 11; 6 3; 30-3-1941
88075307; 47 35 20 29 10; 2 10; 24-10-1925
31328803; 9 7 14 45 23; 9 1; 30-12-1918
51089461; 23 44 6 15 45; 3 9; 22-3-2006
16652888; 31 48 39 45 6; 2 6; 9-9-2006
92502799; 41 47 11 7 21; 4 3; 13-1-1961
20542662; 40 16 23 22 25; 8 6; 3-11-1924
99596899; 30 40 35 47 36; 3 10; 16-1-1987
02681603; 43 44 16 46 27; 4 2; 15-10-2020
07353866; 29 22 32 17 12; 9 1; 12-9-1959
70947947; 39 46 15 7 12; 8 9; 6-10-1982
38376708; 5 46 45 26 32; 9 3; 14-11-2012
30574640; 15 2 18 19 8; 6 8; 15-10-1985
48306658; 18 29 43 45 21; 9 2; 6-1-1949
41797092; 33 38 36 44 5; 8 10; 15-11-1944
39637541; 42 40 22 3 34; 1 10; 17-9-2004
55943891; 14 40 15 38 16; 8 6; 22-4-1961
18784244; 24 33 4 46 45; 7 3; 6-8-1962
03062975; 7 27 33 4 37; 5 6; 12-6-1962
21467418; 20 16 22 3 27; 9 3; 2-6-1908
14664131; 31 5 12 48 10; 9 1; 20-12-1961
72903136; 7 19 33 41 9; 4 9; 1-1-1980
94488090; 5 3 44 38 21; 1 7; 8-9-1910
99455830; 42 49 1 25 10; 6 8; 23-7-1907
71670051; 13 45 43 44 12; 3 5; 3-1-1951
61286112; 36 40 11 49 20; 7 6; 27-4-1995
98835357; 15 1 24 3 6; 1 4; 10-10-1961
92488554; 40 49 20 29 10; 6 1; 2-4-2004
46554766; 19 32 10 33 47; 6 5; 31-8-1934
37369230; 8 11 13 41 47; 4 2; 7-8-1900
73604401; 12 2 45 10 41; 10 4; 28-12-1950
65159239; 14 47 12 27 41; 1 6; 13-11-1931
61966628; 14 6 15 16 41; 6 1; 2-11-1910
06834893; 26 3 43 17 21; 8 7; 25-11-1999
20229333; 5 48 33 30 10; 5 7; 17-6-1954
54397642; 34 39 22 37 2; 3 6; 9-6-1949
48649714; 34 7 19 45 35; 6 9; 12-2-1909
96350526; 49 6 10 44 27; 6 5; 19-3-1901
59259817; 31 6 22 10 13; 5 2; 5-9-1944
30925608; 27 15 46 35 43; 4 9; 6-4-1918
15195659; 21 29 12 2 41; 10 6; 9-9-1904
40405818; 26 39 7 1 8; 4 1; 6-4-1977
38591518; 10 32 46 27 17; 2 9; 28-3-1993
96665072; 40 35 13 49 4; 1 2; 20-11-1969
12961586; 4 42 25 46 3; 6 5; 7-2-1998
40094891; 40 39 25 24 14; 1 6; 14-9-1975
04291922; 48 14 28 46 33; 2 5; 19-3-2010
40259226; 7 38 19 17 40; 7 6; 8-6-1972
45066184; 39 20 1 37 12; 9 4; 17-7-1926
75661306; 33 47 35 9 34; 3 1; 29-1-1962
11018900; 4 14 31 44 39; 1 2; 1-1-2005
09822261; 24 33 1 29 5; 4 5; 12-12-1976
11068217; 42 49 4 41 45; 10 9; 19-7-1931
74780035; 32 20 17 5 15; 3 9; 3-5-1931
72058674; 19 15 47 2 48; 6 3; 23-2-1946
02836639; 31 26 35 28 42; 1 9; 23-2-1938
21669037; 3 44 30 33 39; 10 4; 26-6-1974
80238506; 31 44 4 12 7; 9 3; 25-12-1929
92271507; 2 5 36 21 49; 10 2; 15-6-1918
36788535; 48 21 28 49 7; 5 6; 3-9-1918
83647063; 25 31 13 5 39; 8 10; 15-8-1970
76090062; 5 7 2 45 36; 6 10; 24-11-2011
86158587; 10 37 28 27 18; 2 3; 6-10-2001
93420346; 9 14 47 10 44; 5 10; 14-2-1920
83011865; 11 30 29 45 21; 7 10; 20-9-1936
52753591; 31 4 34 20 42; 10 5; 17-2-1907
39248542; 13 40 27 14 12; 6 9; 3-9-1983
73934670; 10 33 14 5 44; 2 7; 29-6-1936
85726292; 31 17 29 30 22; 6 10; 19-6-1997
58163436; 39 45 11 8 24; 5 6; 29-1-1904
81199614; 49 33 7 9 38; 7 1; 18-4-1919
56128966; 12 45 18 13 33; 2 6; 4-11-1948
46671345; 1 3 41 43 33; 6 1; 27-3-1947
47820009; 20 18 46 38 10; 8 2; 18-6-1980
33101964; 27 41 44 29 31; 5 2; 12-1-1970
64581200; 15 31 14 27 3; 5 3; 30-11-1954
09911841; 33 45 38 43 25; 3 2; 1-8-1993
45142553; 27 35 42 14 47; 4 10; 19-1-1903
72931506; 39 40 26 48 30; 9 7; 18-9-2016
49498919; 11 31 40 18 37; 9 6; 15-5-1965
52600971; 16 37 40 17 36; 9 8; 26-12-1938
19416549; 41 9 47 40 43; 5 10; 5-10-1972
64342012; 18 1 33 19 27; 10 2; 7-3-1925
66188761; 34 3 25 9 1; 8 1; 27-5-1928
32940980; 26 33 44 3 32; 6 7; 16-9-1989
38461457; 16 46 10 5 11; 3 4; 28-9-2018
85772129; 10 31 36 15 22; 6 5; 6-4-1924
97732321; 48 43 4 14 2; 7 4; 21-10-1932
74609338; 5 37 20 32 28; 2 7; 31-1-1951
17556848; 29 36 46 6 37; 6 1; 16-9-1958
44183086; 36 45 5 43 19; 10 9; 17-6-1910
91380414; 18 38 23 47 1; 6 5; 24-11-1948
07561189; 27 47 38 32 20; 3 5; 29-6-2002
30001235; 47 13 10 9 33; 9 8; 22-8-1914
03519189; 45 8 18 40 43; 8 3; 22-6-1936
05669034; 49 11 2 15 25; 3 7; 10-10-1943
49676636; 48 11 38 42 9; 10 3; 2-9-1906
14314361; 11 49 18 26 7; 7 5; 2-8-2008
22999780; 12 35 41 29 44; 3 2; 8-7-1919
78072017; 2 8 1 6 4; 10 7; 31-8-2005
25204571; 5 48 34 15 25; 5 2; 31-3-1999
35922216; 42 44 23 13 48; 5 7; 16-3-1983
00191269; 4 28 35 25 42; 6 8; 6-6-1978
42613046; 48 49 34 39 28; 4 7; 30-7-1918
44737434; 38 21 22 15 12; 9 3; 6-4-1973
75750751; 43 15 30 17 29; 3 8; 6-10-1983
22133818; 36 31 42 34 13; 3 9; 24-9-1907
53963440; 47 12 14 29 34; 8 2; 2-2-1905
10546091; 18 6 45 35 23; 2 9; 15-1-2008
60774583; 9 49 2 4 29; 1 3; 30-1-2019
64322763; 42 16 43 44 33; 4 2; 16-9-1956
18357562; 14 21 37 3 32; 6 10; 3-6-1988
15276503; 15 45 21 26 30; 5 7; 30-10-1982
11778663; 19 21 24 25 23; 6 10; 8-5-1959
31054173; 26 11 15 6 48; 7 6; 17-3-1982
94572118; 25 19 27 24 29; 2 10; 31-10-1957
53297552; 6 32 35 5 36; 5 7; 21-3-1983
41866224; 43 36 37 7 26; 8 2; 28-4-1958
50133128; 34 23 35 5 31; 10 4; 7-2-1975
81545023; 37 46 6 39 22; 2 10; 19-11-1904
69245156; 25 10 16 3 41; 9 10; 3-10-1987
33026758; 3 49 29 43 19; 2 5; 2-6-1913
25791755; 27 8 45 11 9; 4 7; 25-8-1948
07823226; 38 41 19 13 47; 10 3; 25-4-1946
46755787; 20 39 43 40 25; 8 10; 12-2-1917
85084579; 28 18 16 27 37; 2 3; 6-6-1905
07129715; 21 4 18 11 37; 1 6; 28-2-1969
62830077; 20 7 10 14 27; 6 4; 10-12-1951
04496380; 28 3 13 7 27; 6 10; 10-7-1981
07771851; 26 16 4 29 40; 4 9; 13-7-1920
71473985; 38 42 47 2 31; 1 6; 27-6-1986
75103229; 19 48 26 45 23; 3 4; 29-7-1970
06361506; 45 6 3 20 29; 10 8; 11-3-1931
97907177; 6 5 46 32 15; 6 8; 1-2-1922
24127533; 32 9 41 15 12; 2 9; 5-8-1987
42266783; 16 47 1 4 38; 1 5; 5-9-1975
38505534; 13 9 15 27 26; 2 7; 23-3-1924
27530744; 36 28 10 41 2; 2 4; 17-10-1900
90178903; 49 35 32 29 9; 10 3; 25-1-2016
03704447; 42 45 25 37 15; 3 4; 11-1-2003
45935256; 15 34 37 46 7; 3 9; 11-5-2000
01909298; 16 47 31 39 48; 2 5; 14-7-2018
65061780; 3 39 22 5 18; 10 5; 25-11-1990
53683312; 24 9 30 3 32; 6 1; 18-9-1998
29749460; 5 17 43 40 45; 1 7; 22-12-1978
57802263; 5 12 31 13 20; 3 5; 2-5-1997
61253578; 46 16 27 38 20; 7 1; 28-2-2016
17113386; 31 1 19 9 30; 5 2; 11-12-1970
82151997; 24 47 1 19 3; 6 2; 19-12-2021
10348070; 45 37 32 8 13; 8 1; 16-4-2014
84475492; 41 22 42 2 37; 9 6; 1-10-1930
89854850; 26 20 39 25 11; 4 2; 24-11-1949
95804048; 45 12 15 30 19; 4 3; 23-8-1988
36222476; 6 11 19 32 33; 3 5; 11-4-2013
91381760; 25 15 35 11 31; 1 9; 20-4-1964
48307866; 17 49 44 3 8; 8 2; 23-5-1907
37405095; 16 48 32 10 39; 10 2; 28-12-2006
89413589; 16 38 4 14 20; 1 3; 26-4-1937
61335718; 24 41 21 10 17; 9 4; 18-2-1988
12688926; 14 29 8 16 35; 8 1; 14-9-1984
84267342; 14 34 40 11 17; 3 6; 30-7-1961
64276564; 17 23 19 29 11; 1 6; 7-7-1958
18736983; 25 19 21 47 43; 5 9; 11-8-1919
07352266; 17 41 32 12 26; 8 3; 19-5-2002
14462059; 10 36 14 4 45; 2 5; 14-5-1939
41404175; 22 2 37 39 24; 6 3; 13-11-1955
67689306; 18 7 30 33 44; 5 8; 15-11-1931
25926520; 11 29 8 3 21; 8 6; 10-8-1929
73960793; 22 39 40 34 17; 10 4; 18-9-2004
91560003; 30 44 37 15 41; 8 5; 11-3-2011
33951526; 7 33 9 41 11; 9 6; 29-12-2003
23587175; 44 42 37 12 10; 3 8; 22-5-1990
50140131; 24 36 48 8 10; 3 2; 28-9-2003
92782032; 30 9 34 28 19; 3 6; 12-9-1901
85015511; 2 27 41 34 49; 7 8; 17-3-1983
18195611; 12 14 34 32 40; 4 8; 10-3-1923
89836924; 25 35 12 41 29; 9 8; 17-5-1947
38408785; 10 5 21 12 35; 5 1; 16-5-1931
81470635; 27 32 40 16 43; 3 4; 4-5-1911
23819629; 26 31 40 24 32; 9 3; 1-12-2019
24930042; 12 23 5 44 20; 10 3; 2-9-1909
01123244; 41 45 23 36 20; 5 1; 9-9-1900
80112779; 10 9 35 22 6; 2 3; 15-7-2020
78257682; 20 2 16 15 35; 4 2; 7-11-1937
06281534; 2 23 33 19 27; 4 5; 23-6-1908
22502967; 30 7 22 38 34; 7 6; 20-8-1971
69196227; 26 6 3 38 45; 6 5; 22-9-1982
58397801; 2 41 26 10 49; 4 10; 1-3-1925
88083104; 16 27 19 28 35; 3 1; 26-2-1933
59789219; 43 44 42 21 13; 6 9; 6-6-1938
77289862; 27 14 26 29 6; 8 7; 12-4-1934
83339196; 26 10 43 21 41; 7 4; 4-7-2016
71707557; 30 18 31 47 44; 9 6; 22-7-2003
13590802; 43 46 32 13 21; 1 9; 23-4-1911
46780816; 19 38 30 33 47; 6 5; 15-9-1908
18223939; 5 32 9 47 27; 1 9; 7-3-1977
85813536; 46 29 27 14 25; 10 4; 20-5-1981
27518753; 13 28 38 47 32; 4 7; 27-5-1943
02831337; 46 8 25 31 6; 10 3; 20-7-2013
63948054; 12 1 32 35 37; 9 8; 3-1-2010
49471731; 29 5 10 36 39; 6 9; 15-11-1969
99938181; 27 2 21 39 40; 5 7; 20-12-1974
79071726; 39 36 21 38 30; 6 9; 7-10-1945
00660919; 5 38 29 14 7; 3 2; 20-7-1925
15121671; 22 45 17 16 39; 6 8; 10-9-2012
03837426; 7 43 28 42 33; 2 3; 29-1-1920
63997857; 6 4 11 39 3; 9 6; 31-1-1901
88835115; 24 37 28 35 42; 3 2; 26-6-1968
91869441; 25 37 22 16 47; 7 10; 6-1-1936
03216279; 21 49 2 25 44; 8 6; 11-11-1940
53723421; 23 25 13 34 40; 3 7; 14-9-1967
37742566; 31 17 48 45 37; 2 4; 26-7-1936
25807190; 15 19 13 7 47; 2 1; 9-8-1905
23679509; 39 12 41 15 4; 1 3; 9-3-1920
75398599; 10 28 15 22 5; 7 8; 21-8-1938
97790800; 13 45 37 3 12; 8 9; 2-3-1921
72542764; 14 18 17 16 11; 1 4; 19-6-2016
72393651; 14 35 30 16 12; 7 2; 13-6-1972
40758250; 20 17 12 10 4; 2 8; 25-5-1909
27675410; 8 1 44 32 19; 6 4; 13-9-2003
09405300; 16 15 11 45 17; 2 1; 22-8-2012
01547238; 47 4 15 2 10; 7 1; 7-11-1941
05484432; 18 30 39 49 46; 6 1; 21-10-1988
04775509; 28 5 26 45 4; 1 2; 25-11-1912
71332130; 45 22 1 3 5; 3 7; 25-12-1973
65473925; 27 15 17 1 28; 1 8; 23-5-1916
71208969; 32 6 18 49 48; 3 4; 7-2-1950
04145457; 12 17 38 27 44; 3 1; 29-9-1992
45545880; 43 28 14 6 45; 1 5; 9-11-2008
10761329; 24 30 16 34 15; 10 1; 14-9-1903
94877173; 16 34 18 40 3; 7 4; 29-6-1902
86598239; 35 47 34 5 1; 6 10; 30-7-1998
70902708; 28 44 25 15 34; 3 5; 19-1-1975
62746432; 5 32 20 14 9; 1 5; 31-12-1973
19185763; 42 46 4 43 1; 10 3; 28-10-1925
33415637; 9 26 42 29 14; 4 10; 22-11-1928
85691523; 6 40 2 4 45; 1 7; 20-7-1921
85141054; 33 4 12 10 49; 3 4; 30-12-1907
47362800; 20 17 31 25 24; 3 4; 3-7-2009
10789622; 29 17 24 2 23; 4 2; 17-9-1909
34959705; 2 6 23 9 35; 6 2; 29-10-1982
27413749; 26 1 49 36 33; 5 7; 22-12-1913
57618861; 49 48 41 13 18; 3 8; 9-12-1999
46417420; 7 35 30 24 46; 5 3; 26-9-1966
27810751; 23 27 3 46 39; 7 4; 30-3-1982
91328152; 37 19 12 15 1; 2 1; 23-7-1937
15329306; 37 6 44 39 47; 4 9; 22-10-1951
41249542; 45 42 34 25 19; 2 7; 23-11-1910
94836246; 9 38 6 32 36; 7 9; 29-9-1989
59776672; 6 49 1 12 14; 9 8; 28-11-1928
58810658; 45 23 48 49 20; 4 9; 28-7-1911
97981753; 43 28 15 7 9; 1 10; 8-5-1972
68617180; 22 36 30 4 28; 6 10; 23-6-1924
24637538; 42 33 8 17 12; 8 6; 21-4-1997
25349071; 46 7 1 15 5; 3 5; 22-7-1957
08332505; 21 35 42 8 31; 6 9; 18-8-2021
99911460; 24 4 35 18 17; 3 4; 8-10-2002
99719633; 40 47 5 8 48; 5 8; 22-8-1934
70036457; 15 41 2 37 31; 3 10; 21-2-1916
02795874; 46 32 24 15 34; 1 7; 2-2-1985
45829530; 39 1 26 33 47; 7 10; 14-5-2017
36296503; 15 48 45 18 10; 1 8; 12-6-1986
65733313; 18 6 28 14 9; 5 10; 10-1-1900
30259147; 13 34 2 45 41; 4 3; 28-6-1935
53191730; 42 24 40 3 8; 7 8; 30-11-1923
61455511; 41 45 40 4 5; 3 8; 10-4-1990
26990688; 23 31 10 49 38; 7 6; 3-7-2005
20821640; 47 37 46 45 34; 5 9; 28-4-2009
15469083; 31 7 44 3 2; 1 6; 23-9-1988
56300156; 45 19 48 41 4; 3 5; 31-12-1959
99714449; 39 45 11 31 40; 1 2; 24-3-1973
86842475; 26 41 9 43 38; 4 5; 20-4-1972
09315774; 32 38 42 6 22; 3 2; 10-6-1923
29350273; 14 2 30 37 15; 9 1; 28-2-1994
30498565; 18 29 8 47 46; 10 3; 13-10-1965
94744871; 38 9 41 10 23; 3 7; 17-6-1921
83262479; 45 43 29 30 11; 4 6; 18-7-1982
81131452; 10 7 8 11 13; 2 10; 27-12-1981
18851687; 4 27 20 34 25; 5 3; 19-11-1907
25372145; 32 40 44 2 26; 8 9; 13-4-1987
97708162; 35 31 18 2 12; 8 1; 22-2-1935
71472822; 37 13 36 39 9; 2 10; 28-11-1973
86514642; 7 40 43 13 3; 1 8; 8-3-2018
49787203; 18 35 23 40 42; 1 3; 5-3-1929
12861656; 7 5 32 24 43; 1 6; 2-4-1997
51868125; 29 5 33 11 24; 3 9; 4-1-1989
06386770; 24 41 13 47 27; 9 1; 9-8-2021
05367442; 46 15 12 13 29; 2 8; 16-1-1999
56619169; 48 33 45 24 26; 9 1; 9-2-1954
91134183; 16 18 45 35 33; 8 10; 18-2-1939
20321997; 31 2 20 27 34; 10 6; 8-4-1984
19204847; 30 40 4 49 1; 4 2; 15-11-1983
87242473; 44 24 12 35 6; 10 8; 23-12-1922
10404345; 22 32 40 24 14; 5 6; 26-1-1966
92351130; 5 30 20 26 16; 4 5; 16-8-1982
55894261; 32 31 3 35 27; 5 3; 20-12-1976
72032181; 1 27 5 3 21; 9 4; 22-12-1935
61965650; 5 29 38 4 14; 2 4; 27-5-1960
57339816; 40 23 5 17 6; 3 8; 30-8-1906
92766655; 35 36 24 39 10; 10 6; 17-3-2015
36388974; 41 15 43 11 6; 3 6; 12-5-1902
26970254; 46 47 9 30 31; 5 4; 30-11-1948
02280093; 8 19 48 38 2; 6 10; 5-7-1926
35084380; 22 28 18 20 41; 1 6; 21-10-2005
54793287; 9 48 31 39 41; 4 10; 10-9-1906
23255079; 47 27 26 46 38; 1 2; 4-6-1945
71969364; 22 13 33 16 42; 2 7; 17-8-1945
20833730; 7 48 42 45 32; 2 3; 14-3-1977
14517911; 39 9 30 17 41; 10 5; 27-5-1920
53723359; 18 41 37 3 12; 9 6; 11-6-2008
32362402; 21 43 3 38 33; 7 6; 13-3-1942
65786152; 26 28 39 19 21; 5 10; 25-4-1904
41560065; 5 18 38 17 33; 1 2; 2-12-1926
81319505; 49 6 38 24 16; 5 8; 17-3-1983
51107519; 10 24 4 40 6; 6 8; 28-8-1990
72415665; 48 28 17 18 6; 7 3; 15-1-1915
83821030; 43 11 35 4 44; 10 6; 1-7-1992
95012602; 8 39 31 37 21; 10 1; 5-1-1981
11398415; 9 2 6 31 4; 4 9; 14-11-1917
53102931; 47 39 7 20 11; 2 10; 2-9-1943
96319722; 31 10 18 42 20; 8 9; 10-8-1915
81280216; 27 34 4 46 38; 7 2; 25-6-1904
58279425; 16 17 3 43 46; 4 5; 12-2-1910
56178835; 10 46 47 24 6; 8 1; 25-7-1941
69567490; 39 30 33 3 43; 8 2; 11-1-2003
00016227; 43 17 15 49 22; 9 8; 25-6-1956
21875729; 14 2 43 20 19; 6 10; 18-12-1986
38151595; 38 35 44 18 37; 9 6; 23-12-2000
70013437; 8 37 35 1 43; 2 6; 3-11-1992
24692672; 19 45 30 36 21; 1 2; 8-2-1990
33816375; 1 44 48 3 21; 8 3; 8-11-1975
50507549; 39 10 9 17 48; 10 5; 28-11-1916
76141830; 36 32 41 11 49; 2 6; 21-11-1987
96800219; 40 15 1 27 6; 9 7; 22-3-1996
08482710; 9 5 23 21 13; 3 8; 7-10-1987
51111492; 10 25 16 27 15; 1 4; 2-2-1932
57798808; 42 14 44 28 26; 8 6; 31-10-2001
19965521; 22 1 37 16 3; 8 7; 26-8-1938
32542496; 30 49 29 14 34; 6 10; 3-9-1921
18249382; 30 38 25 3 19; 6 4; 24-5-1964
65928341; 42 17 39 44 38; 8 7; 22-9-1920
59498818; 18 16 10 40 30; 8 6; 16-12-2008
27485360; 13 25 7 37 10; 3 7; 14-10-1968
61123560; 49 26 3 36 22; 10 1; 26-3-1994
47316421; 7 35 44 19 15; 5 7; 30-6-1977
99356067; 10 17 26 20 48; 2 9; 8-7-1939
67084843; 17 49 48 41 1; 5 6; 28-2-1935
56412909; 46 18 40 27 2; 8 4; 25-1-2011
60469344; 22 12 14 29 47; 10 3; 12-4-1949
04377500; 23 36 20 32 16; 5 8; 4-11-1915
78192351; 21 22 28 29 43; 7 1; 25-9-1952
38365542; 33 38 46 47 42; 5 8; 19-4-1966
07475556; 2 37 23 38 32; 4 8; 25-2-1920
10271412; 35 30 29 27 31; 5 10; 13-8-2005
00129364; 38 44 21 6 7; 8 10; 21-4-1977
30580988; 24 33 46 27 13; 2 6; 7-5-2018
20481153; 9 14 39 16 41; 2 4; 23-3-1949
72188912; 29 36 39 34 17; 7 9; 6-9-1983
95533852; 41 29 23 13 24; 10 8; 6-12-1932
14934895; 40 25 18 27 38; 10 9; 1-11-1927
31181585; 44 18 47 25 14; 2 5; 15-7-1941
68549758; 48 42 1 5 15; 3 8; 7-12-1938
05285636; 41 22 42 24 19; 10 9; 26-11-2019
59149811; 35 23 36 27 48; 9 8; 14-2-1919
64370310; 43 4 19 25 34; 10 4; 21-9-1954
79964270; 14 20 48 1 6; 10 2; 28-9-1993
36208331; 5 26 1 29 45; 8 4; 1-7-1933
17589072; 21 31 45 33 48; 6 2; 17-12-1939
35096394; 45 49 36 30 14; 2 8; 25-7-1930
98221331; 19 36 4 43 23; 10 2; 13-4-1903
98398582; 12 41 36 1 24; 4 2; 6-4-1901
55811624; 24 47 9 28 7; 9 2; 11-4-2011
37722743; 22 1 45 6 2; 1 7; 23-10-1975
06045239; 30 44 26 42 34; 6 3; 2-8-1931
13716010; 32 43 46 12 42; 2 9; 26-8-1935
51031755; 8 30 45 20 40; 10 9; 25-7-1914
63180017; 12 35 14 47 48; 4 7; 24-4-1990
46177392; 48 9 30 23 18; 5 2; 30-7-2008
68972050; 26 22 24 20 3; 1 9; 9-2-1979
60752338; 8 5 31 19 46; 1 9; 20-1-1901
90047908; 32 34 15 42 9; 10 9; 20-8-2009
28485657; 10 42 22 2 45; 4 10; 30-3-1971
04824353; 32 9 16 7 30; 2 8; 8-1-1974
86955085; 22 39 8 23 13; 6 5; 30-12-1980
73363201; 48 39 46 35 9; 5 7; 27-8-1911
50807687; 39 9 29 23 17; 10 5; 11-11-1943
48062091; 3 16 31 9 25; 6 1; 13-7-1996
89311823; 27 47 44 31 5; 9 6; 15-4-2010
34873700; 29 19 23 21 39; 3 2; 30-6-1909
77161243; 5 3 8 14 31; 2 6; 25-6-1982
98563026; 9 43 33 14 19; 6 1; 28-2-2000
23161713; 5 30 49 2 27; 5 9; 18-12-1962
14060810; 28 42 15 46 6; 2 10; 10-7-2013
61840065; 19 4 28 34 49; 4 1; 2-6-1950
52770661; 14 43 3 16 46; 10 1; 16-6-1930
66248676; 6 49 32 44 13; 10 4; 15-6-1948
10683858; 46 29 22 33 3; 10 8; 7-10-1921
86770672; 10 35 29 3 19; 4 9; 24-3-1940
53466755; 49 10 43 28 15; 4 1; 20-7-1932
47924185; 49 3 23 43 15; 1 7; 22-11-1920
58591685; 35 6 13 48 23; 3 10; 11-7-1938
93582290; 39 1 3 9 21; 8 9; 19-2-1965
99656114; 10 33 41 30 12; 7 4; 18-7-1985
67731392; 28 45 18 5 35; 5 7; 22-11-2009
21752014; 39 34 27 9 8; 5 4; 29-3-1993
94929821; 16 6 28 34 48; 8 1; 30-6-1999
41318374; 10 23 7 5 2; 10 2; 22-9-1975
96178827; 28 17 8 20 47; 4 5; 6-7-1993
85822373; 49 33 7 48 14; 10 9; 10-9-1929
63928608; 9 47 1 37 32; 7 2; 7-4-2010
80466621; 30 16 5 19 42; 8 3; 28-11-2010
06624252; 7 37 38 19 15; 9 6; 10-10-1997
76025729; 8 11 33 23 24; 6 4; 17-1-1914
38552698; 4 24 43 23 45; 3 10; 14-1-1960
30395257; 40 1 42 18 44; 2 9; 21-8-1948
03123619; 6 2 8 18 30; 4 9; 16-12-1930
10068671; 5 12 26 32 21; 2 4; 16-4-1996
72998564; 18 32 7 4 38; 4 2; 7-11-1991
47781904; 9 49 41 14 10; 5 7; 15-7-1911
55478318; 18 43 28 1 4; 5 1; 20-10-1944
93658577; 26 42 35 32 46; 6 7; 5-6-1943
30276361; 7 30 31 8 19; 5 7; 17-12-1910
90335710; 34 24 21 4 1; 8 9; 14-11-1930
61536499; 22 14 28 43 44; 7 3; 15-12-1998
22082299; 26 29 32 33 42; 7 2; 3-12-1919
85305483; 1 20 31 5 30; 7 9; 7-10-2012
12719646; 43 10 19 18 35; 5 9; 3-1-2009
26667826; 26 19 6 45 25; 7 8; 6-2-1938
07430379; 30 12 42 45 48; 6 2; 14-8-1953
86131945; 12 35 29 2 16; 8 9; 22-2-1970
35728105; 14 47 27 28 15; 1 9; 12-3-2017
37718607; 6 15 24 45 40; 10 9; 29-1-1922
75397742; 49 39 13 32 46; 6 5; 17-2-1919
32624001; 32 4 6 34 18; 4 10; 29-12-2002
45705228; 34 23 20 43 44; 3 6; 2-3-1919
67730757; 27 36 35 30 16; 5 7; 29-7-1935
09840307; 15 28 40 37 6; 1 2; 10-1-1962
73690784; 25 2 29 45 22; 5 6; 23-7-1972
95826350; 42 34 49 30 33; 4 9; 7-9-1984
87090905; 29 38 7 5 43; 6 1; 26-2-1916
92613206; 9 5 1 8 39; 9 10; 20-2-1903
73926566; 37 40 14 28 42; 5 7; 14-2-1940
92667903; 8 17 43 16 47; 2 4; 14-2-1970
49765187; 44 39 7 40 35; 6 1; 19-6-1964
86260560; 28 14 44 11 5; 5 6; 10-2-1973
14058491; 33 3 41 23 43; 2 4; 1-9-1974
07663482; 36 13 8 9 38; 1 7; 3-9-1916
05099768; 48 18 37 30 3; 6 7; 6-11-1963
75576176; 30 26 31 7 28; 7 6; 19-2-1987
37816893; 1 28 17 15 43; 10 2; 19-6-1936
34381791; 31 16 3 15 20; 3 10; 18-11-1946
01505660; 25 7 1 46 42; 6 4; 16-6-1980
03632833; 38 43 8 4 34; 5 10; 11-4-2011
54469914; 49 12 30 33 45; 5 9; 4-1-1950
82789212; 48 42 32 46 35; 3 5; 9-9-1905
87196594; 48 45 1 31 43; 4 6; 2-4-1973
70821276; 34 18 39 48 37; 3 6; 7-2-1913
51467433; 28 48 35 33 32; 7 9; 1-2-1991
83353641; 42 45 31 8 10; 10 9; 26-7-1903
96240867; 46 38 8 4 13; 2 6; 8-11-1935
55868143; 18 11 17 2 45; 1 9; 13-9-1991
30551117; 22 47 20 46 3; 2 7; 4-12-2006
60380238; 6 18 7 41 46; 7 5; 11-5-1925
73496280; 36 27 48 2 9; 9 3; 15-3-1966
20515660; 18 5 25 47 1; 7 8; 31-1-1901
42132969; 21 19 8 31 29; 5 2; 29-12-1918
78092777; 30 20 42 7 19; 1 7; 19-8-2003
14663205; 1 5 25 6 48; 10 7; 7-9-1911
60388763; 16 4 3 37 32; 5 1; 18-2-2010
04610063; 3 25 14 19 26; 5 4; 6-9-1928
25197968; 19 9 14 17 35; 1 4; 1-12-1963
42056461; 2 43 45 20 11; 3 4; 20-6-2000
98004447; 48 46 39 22 28; 9 6; 25-5-1986
81204871; 26 43 31 9 30; 4 9; 26-7-1911
92348322; 35 46 2 11 45; 7 10; 15-8-1990
02218071; 38 5 8 22 25; 6 7; 24-3-1924
77229483; 46 24 43 20 16; 2 6; 29-10-1974
91898274; 4 31 23 40 30; 7 2; 22-7-2000
79473141; 12 48 11 28 24; 5 6; 4-11-2020
91508495; 42 24 47 20 39; 10 6; 21-8-1975
96927726; 28 27 35 48 10; 10 4; 23-4-1934
45812999; 19 36 13 2 10; 1 5; 9-10-1990
17324775; 38 45 1 10 8; 2 7; 17-2-1933
87114836; 29 15 26 47 12; 3 6; 23-9-1990
49469973; 17 23 4 45 40; 4 2; 20-10-1955
86087677; 20 47 43 22 48; 4 5; 10-2-1946
17098442; 36 40 8 47 41; 10 4; 29-4-1932
24826445; 9 49 15 48 24; 1 3; 12-7-1993
44331119; 32 6 49 47 31; 4 9; 4-1-1932
85699095; 24 35 28 38 48; 7 6; 18-1-1900
19608224; 23 37 27 29 44; 6 1; 10-5-1920
23572898; 27 34 24 36 44; 1 10; 28-10-1962
88275675; 40 41 33 26 21; 9 7; 30-10-1935
30698851; 2 30 44 24 4; 8 10; 9-2-1954
27859056; 36 35 31 39 33; 3 6; 14-4-1932
94987870; 31 34 21 5 14; 3 9; 11-4-1943
60387030; 26 28 32 45 19; 10 7; 18-2-2014
27947418; 43 30 10 21 32; 10 8; 21-11-2000
77267439; 20 17 6 7 23; 4 7; 13-11-1920
41948947; 33 12 22 43 8; 8 6; 15-3-1954
20813002; 33 11 34 17 49; 1 9; 5-11-1948
99335942; 32 7 18 41 9; 9 5; 3-5-1902
88468659; 3 23 47 15 35; 5 8; 12-12-1984
38679963; 10 40 35 36 43; 1 7; 22-2-1980
24604621; 35 44 19 47 29; 7 6; 24-5-1952
74628995; 23 33 32 18 6; 1 8; 9-9-1961
24553968; 18 27 4 46 30; 1 6; 15-12-1946
90024193; 12 1 15 16 20; 4 3; 16-9-2018
81238232; 9 16 28 41 22; 2 10; 29-3-1920
33158319; 28 26 29 12 42; 4 2; 2-2-2002
03360005; 30 21 23 35 4; 7 3; 28-3-1969
72404631; 24 12 34 49 42; 8 10; 21-9-2019
01525313; 30 43 11 23 36; 3 1; 19-10-1991
48733678; 27 45 1 40 16; 9 3; 17-4-1924
10423158; 26 11 31 19 46; 4 10; 22-7-2016
27486368; 33 13 23 28 1; 6 10; 8-10-2011
77752449; 10 6 14 26 20; 7 8; 18-9-1945
86229794; 49 40 14 42 9; 8 7; 9-7-1941
86834415; 1 13 33 26 7; 9 6; 16-2-2008
11065199; 47 1 34 44 20; 1 6; 8-4-1976
51378867; 23 32 40 34 26; 8 6; 12-12-1980
32788676; 49 30 6 44 29; 4 2; 30-10-1922
39114180; 18 30 37 49 29; 4 9; 2-1-1946
98521096; 38 32 36 10 17; 2 9; 10-2-1908
16615847; 15 11 42 12 5; 6 8; 23-7-1953
34009922; 11 47 39 45 22; 2 9; 24-1-2013
48665680; 41 24 5 38 34; 10 5; 14-1-2002
80252158; 7 9 34 27 44; 3 4; 21-10-1962
18596551; 1 44 46 32 21; 10 9; 7-11-1955
78675110; 32 2 35 4 31; 8 5; 1-2-1913
55245555; 12 49 16 6 40; 8 5; 10-5-1930
25031182; 14 7 20 47 32; 9 1; 12-10-1908
36695002; 26 46 23 41 33; 1 5; 5-12-1938
60276331; 25 35 15 39 24; 8 4; 28-3-1923
96779347; 6 9 1 30 47; 10 1; 15-10-1976
49155103; 18 26 40 35 12; 6 7; 12-5-1973
14878469; 41 10 45 4 30; 4 7; 2-1-1945
85807532; 26 7 31 25 48; 2 3; 25-1-1902
11294960; 35 45 7 38 6; 5 2; 27-7-1970
84187356; 12 33 24 11 34; 7 2; 6-8-1935
90158942; 26 34 4 6 42; 6 3; 14-10-1910
03869396; 17 40 19 46 18; 3 10; 13-5-1973
39040278; 43 3 15 28 9; 6 9; 19-11-1925
07995581; 18 14 46 8 7; 6 3; 13-3-1993
75595312; 48 26 21 35 20; 6 1; 29-7-1973
08787992; 21 10 31 39 3; 6 7; 29-9-1918
77560998; 28 22 45 16 29; 3 4; 6-7-1996
77537389; 47 2 22 19 17; 2 1; 3-11-1921
51807732; 23 18 39 34 46; 6 7; 27-9-1978
43097785; 31 48 4 29 30; 8 3; 13-2-1964
22762062; 48 41 46 4 5; 6 10; 16-11-1904
60895548; 44 48 42 4 45; 10 9; 9-9-1900
27200162; 20 33 1 38 2; 3 6; 1-6-1915
07396433; 49 39 36 10 21; 3 5; 14-12-1971
56944648; 39 27 48 2 13; 1 5; 8-4-2014
25631637; 40 6 8 49 16; 4 6; 18-12-2019
29395994; 11 19 38 39 5; 8 10; 25-3-2001
49825427; 4 6 26 46 38; 9 4; 5-4-1904
11357864; 23 17 34 48 27; 9 5; 14-12-1963
04747553; 10 7 42 5 49; 2 9; 29-10-1996
84611648; 49 44 27 43 38; 4 8; 30-5-1932
51861952; 32 26 23 8 19; 7 4; 23-8-1935
14424531; 1 4 20 18 40; 1 4; 30-4-1971
17766115; 18 9 17 34 29; 6 8; 8-8-1977
33591128; 39 1 34 24 19; 8 1; 8-3-1919
61954347; 13 8 46 17 31; 4 7; 18-7-1966
28195854; 45 32 4 9 26; 10 8; 5-7-1978
73107640; 47 19 34 24 45; 6 2; 12-6-2012
50902063; 6 19 41 28 3; 4 8; 10-6-1994
19016177; 11 13 6 4 24; 3 7; 23-9-2012
02625861; 31 47 45 7 12; 3 9; 27-3-2007
21510849; 23 41 5 47 9; 5 7; 23-10-1926
06687683; 20 2 7 14 49; 3 8; 21-11-1959
96889534; 18 15 37 9 17; 3 9; 10-7-1991
44084948; 37 40 35 17 21; 6 10; 7-4-1993
90831790; 12 17 41 18 36; 9 1; 11-7-1906
68402820; 23 14 12 41 32; 5 9; 21-9-1952
21885464; 10 33 13 22 16; 2 1; 21-1-1992
05974451; 28 42 45 1 44; 3 7; 2-7-1924
48049864; 17 4 26 7 13; 10 2; 9-7-2008
67336796; 39 37 30 40 12; 7 1; 21-4-1977
78405279; 11 15 31 48 24; 5 2; 17-7-1909
27254460; 44 19 21 11 40; 8 4; 2-11-1989
17899278; 20 12 1 21 38; 3 6; 22-2-1999
38820205; 48 2 34 8 4; 10 3; 17-2-2007
85730973; 18 4 34 17 39; 10 9; 22-9-1997
63499323; 15 24 46 18 41; 7 1; 18-7-2018
52397094; 12 2 31 19 45; 8 4; 7-8-1945
81280733; 13 12 48 43 7; 8 7; 17-8-1999
86908136; 41 27 16 30 28; 7 3; 8-1-1937
88432027; 44 15 33 16 11; 5 2; 27-6-1901
02418145; 46 9 25 1 34; 7 8; 15-3-1941
97650184; 38 10 30 41 13; 6 4; 13-12-1996
95008844; 46 11 2 37 12; 1 7; 5-2-1957
05856637; 16 42 26 6 29; 8 1; 24-3-1983
05880462; 2 49 9 12 32; 6 9; 13-4-2004
74166609; 47 8 29 31 35; 3 4; 25-6-1951
56928403; 48 1 30 24 21; 2 1; 28-7-1958
24293167; 28 39 4 7 23; 4 10; 12-1-1988
51255248; 49 46 47 18 29; 2 10; 17-1-1946
06593993; 41 19 25 27 35; 10 1; 29-10-1934
45426447; 11 29 14 45 43; 8 6; 27-9-2005
02930249; 22 38 36 1 47; 8 4; 20-7-2000
10486927; 4 3 26 33 6; 7 1; 26-10-1939
92626970; 46 23 15 44 4; 8 7; 19-2-1940
69091427; 13 33 8 19 29; 7 9; 3-1-1930
81079658; 11 3 19 39 36; 6 9; 1-3-1910
63728285; 5 9 48 35 3; 9 7; 29-8-1978
39998425; 38 17 45 1 13; 6 4; 26-8-1905
62349475; 24 30 48 33 37; 8 6; 26-4-2013
42237249; 20 6 13 34 10; 10 8; 10-4-1913
05790030; 40 18 41 20 38; 10 5; 19-10-1943
90530971; 16 13 40 5 17; 5 7; 23-8-1996
34569870; 23 27 14 49 12; 7 6; 1-10-1925
04263911; 7 11 25 17 40; 1 2; 18-11-1985
91459743; 42 18 7 27 16; 1 6; 20-11-1905
29390232; 28 24 49 21 4; 2 1; 11-4-1926
23785907; 38 21 19 30 33; 6 2; 10-1-1971
95577641; 31 43 26 33 27; 7 4; 9-12-1947
90225265; 2 24 14 20 6; 3 9; 17-10-1969
55806321; 31 45 47 18 36; 10 5; 3-1-1934
29339342; 22 8 38 33 29; 5 9; 2-1-2002
39474934; 25 47 34 43 29; 6 1; 30-3-1998
95384606; 29 43 25 24 12; 7 4; 21-4-1957
75405565; 39 21 13 30 20; 10 1; 28-3-1900
00526549; 11 43 23 17 36; 2 6; 19-12-1987
73451065; 33 17 40 24 5; 7 4; 23-11-1929
45291116; 40 3 18 7 28; 7 3; 20-8-1971
71153201; 44 42 38 46 32; 4 5; 14-4-1985
04455062; 7 18 2 19 43; 8 5; 29-3-1961
49948709; 36 34 28 30 27; 10 2; 17-5-1935
94884642; 40 27 17 25 2; 10 6; 27-2-1975
10306183; 21 39 11 42 40; 4 10; 14-2-1902
79891109; 3 45 16 25 29; 9 5; 27-10-1928
42285435; 17 7 31 47 42; 9 10; 16-2-1918
65874505; 11 18 47 15 46; 8 4; 4-7-1971
59061217; 31 47 6 20 1; 2 10; 10-11-1965
25378179; 30 42 9 48 18; 4 6; 3-5-1919
92483554; 38 29 16 46 48; 10 1; 29-9-2012
26913301; 9 35 6 8 15; 10 5; 17-1-1975
91350885; 5 13 30 1 49; 8 10; 16-9-1995
02946609; 32 12 3 14 18; 4 7; 24-8-1990
31406945; 39 26 35 10 16; 4 7; 4-4-1973
61138057; 8 27 4 49 38; 6 3; 2-5-1908
96505143; 34 48 35 23 24; 9 8; 16-6-1981
56869105; 4 25 11 23 5; 7 9; 10-9-1934
41978652; 47 6 44 11 9; 3 6; 21-7-1989
99205988; 38 41 18 35 12; 3 8; 7-11-1918
04048953; 11 25 40 12 33; 5 10; 13-8-2002
36134817; 16 36 2 28 13; 5 8; 11-1-1936
71687163; 47 11 5 16 18; 6 5; 19-2-1971
54501059; 47 21 25 38 43; 6 2; 16-10-2015
65836326; 45 15 39 37 47; 2 8; 27-3-1985
95355479; 6 19 29 21 23; 6 4; 13-3-1931
24430627; 6 18 4 30 5; 1 4; 23-12-1919
56236081; 41 1 42 39 23; 1 2; 15-5-1915
27148310; 36 29 14 44 9; 5 2; 18-7-2005
04899839; 15 40 2 35 17; 6 10; 4-10-2006
73920545; 16 47 33 1 36; 5 3; 20-7-1930
13718688; 8 47 35 40 19; 7 5; 3-3-1902
50052984; 18 10 42 9 33; 2 3; 24-11-2007
11169638; 24 29 16 44 38; 9 1; 20-11-1912
23714660; 47 3 19 42 46; 10 4; 28-3-2002
04550905; 36 32 35 31 8; 9 3; 4-3-1941
48473481; 9 25 37 16 23; 2 3; 26-6-1968
30877541; 18 17 14 12 25; 4 8; 3-10-2009
81884596; 36 19 30 16 20; 7 9; 2-9-1945
09022131; 4 5 40 32 23; 1 5; 19-10-1958
09885755; 7 23 30 1 34; 9 4; 22-8-1922
39068832; 12 31 9 49 41; 9 3; 8-12-1984
77983403; 22 8 34 40 33; 2 6; 11-11-1942
01780932; 17 39 34 48 35; 3 8; 9-6-1958
13928353; 28 12 47 13 4; 9 8; 11-9-1995
26672208; 42 16 48 30 14; 10 6; 7-12-2015
23429853; 30 38 8 14 29; 5 10; 27-2-2010
64115314; 3 33 44 13 25; 10 9; 16-8-1909
47900754; 3 13 15 49 41; 4 10; 27-11-2002
66030197; 37 1 3 43 12; 9 5; 5-3-1901
88143154; 36 9 2 21 39; 5 7; 30-6-1921
03730217; 2 30 24 19 42; 10 9; 24-2-1968
30301892; 45 5 2 14 32; 2 9; 17-2-1999
86644411; 36 5 47 23 6; 10 4; 23-3-1910
43841691; 5 41 6 20 19; 8 9; 17-11-1949
23976867; 27 32 9 35 10; 3 8; 14-3-1928
96068395; 39 36 2 6 40; 3 8; 7-10-1981
00099164; 10 14 48 17 27; 7 1; 28-12-1955
68988367; 35 20 27 28 17; 10 3; 21-2-1954
09346041; 36 27 35 17 16; 1 2; 18-1-2018
98034665; 18 29 2 47 9; 5 4; 28-7-1952
54127319; 18 42 34 21 26; 6 4; 12-2-1916
71714599; 34 2 9 29 42; 2 3; 7-8-1907
34177168; 35 32 36 24 31; 7 8; 19-1-1973
01108615; 1 35 11 15 33; 5 6; 30-12-1923
59250189; 14 30 1 5 15; 9 2; 2-6-1917
03032263; 35 9 47 25 31; 6 8; 24-2-1944
74675407; 38 4 14 30 18; 5 10; 2-6-2010
56483917; 20 11 4 14 29; 8 2; 5-4-1946
95135897; 17 46 31 21 4; 10 8; 19-5-2008
86663444; 40 42 27 26 1; 2 4; 27-4-2008
73145335; 39 31 15 10 6; 3 9; 21-4-1974
57238982; 6 38 49 48 1; 2 6; 19-9-1946
04564400; 12 40 34 29 15; 1 6; 9-5-1990
43723228; 8 27 12 36 10; 10 3; 21-9-1960
05049377; 43 19 20 4 40; 10 2; 18-2-1939
90145561; 40 21 5 41 42; 9 8; 26-10-2014
77032241; 27 47 37 9 33; 9 1; 31-5-1922
63527693; 14 7 8 13 20; 4 10; 19-11-1985
02100695; 38 2 16 39 43; 9 4; 12-6-1943
63870627; 49 4 13 18 34; 5 2; 15-10-1977
87541344; 47 2 10 20 33; 4 2; 4-3-1913
31473748; 24 6 37 3 30; 10 6; 23-3-1994
53522498; 26 20 25 34 18; 6 4; 17-11-1965
16358731; 47 49 15 36 42; 7 4; 22-4-2004
76703228; 7 6 42 38 47; 8 7; 4-2-1989
88108166; 25 8 45 34 11; 7 8; 2-2-1949
74679930; 24 34 29 12 25; 7 6; 28-7-2005
36651050; 44 38 30 34 25; 5 6; 22-11-1924
80566271; 46 44 28 4 25; 4 8; 30-5-1916
35072505; 22 12 10 21 17; 3 4; 5-5-1983
62859970; 29 40 32 39 46; 7 9; 16-1-1989
53035106; 32 25 38 1 37; 4 1; 17-9-1915
48465231; 47 38 36 4 24; 7 3; 31-5-2002
59841684; 30 22 48 40 46; 7 9; 21-11-1940
51297821; 3 13 25 42 22; 2 5; 14-10-1981
79826529; 8 11 35 26 29; 3 9; 3-3-1912
83796732; 37 22 12 49 11; 8 2; 15-9-2011
98080860; 20 40 35 47 29; 3 7; 10-2-1905
13297192; 13 41 25 47 35; 7 3; 17-10-2001
61125657; 39 4 26 38 25; 10 3; 9-6-1917
79546869; 11 42 14 17 3; 10 6; 17-12-1981
97863818; 10 4 34 29 37; 1 9; 31-5-1951
09926757; 41 28 6 7 9; 4 8; 27-10-1941
80992832; 31 44 12 25 1; 2 4; 1-2-1931
13018511; 33 30 46 2 12; 7 1; 24-7-1902
81740665; 32 19 30 36 34; 9 6; 30-9-1926
40463034; 10 22 21 1 8; 4 8; 23-10-1977
50112878; 18 26 22 42 6; 1 5; 19-1-1910
32189210; 8 23 44 43 16; 3 2; 1-6-1962
25615535; 11 26 25 4 18; 6 10; 26-11-2018
75328098; 14 47 48 13 3; 1 10; 8-3-1906
09711182; 14 45 12 43 3; 8 10; 20-5-1983
90812149; 15 14 35 3 30; 5 2; 27-2-1921
17706861; 16 40 23 3 4; 9 5; 12-4-2017
12956269; 33 27 42 32 35; 9 3; 30-9-1941
16787772; 7 40 2 48 29; 2 8; 28-1-1948
27203073; 3 35 24 39 23; 4 7; 7-4-2003
75782600; 5 1 43 26 12; 8 1; 9-10-1978
03423404; 43 26 11 31 5; 6 7; 12-2-1938
65214758; 18 44 39 11 9; 3 10; 22-6-1973
90684123; 40 6 27 42 23; 5 6; 19-9-1957
55199208; 43 11 38 26 7; 5 7; 10-4-2020
75045572; 4 5 30 20 36; 6 5; 31-8-1924
90559085; 28 48 49 10 6; 3 8; 23-6-1906
75195616; 40 21 9 36 17; 9 8; 31-8-1928
05500193; 25 19 4 3 43; 1 3; 26-1-1923
81347253; 17 37 23 2 40; 4 3; 11-9-1956
29721117; 45 35 28 40 22; 8 10; 28-7-1944
45504876; 36 40 15 18 33; 7 6; 23-3-1931
51024226; 7 38 22 15 35; 4 1; 22-8-2003
32104432; 42 40 27 26 49; 9 3; 12-12-1964
98733198; 8 19 41 15 40; 1 3; 6-5-1903
92589461; 8 16 39 46 43; 6 8; 27-3-1901
14326739; 33 23 31 26 20; 1 4; 20-3-2006
49467119; 20 41 23 27 8; 3 9; 3-5-1961
52470273; 34 3 1 2 9; 2 6; 14-1-1988
74426984; 31 32 48 33 42; 3 2; 26-1-1915
59246563; 18 22 43 32 34; 4 10; 8-6-2016
53074160; 4 1 11 34 16; 7 4; 10-4-2007
73612773; 39 6 40 33 37; 4 8; 19-6-1982
79629954; 31 25 33 26 36; 2 9; 12-1-1914
08968509; 49 19 39 16 34; 8 10; 18-2-1932
81766579; 14 15 18 10 29; 2 10; 31-8-1917
41551173; 42 44 10 4 49; 5 10; 1-2-2007
61259476; 18 36 21 29 49; 7 1; 25-6-1900
10197581; 4 42 47 35 6; 3 9; 10-11-1930
67534166; 25 40 14 45 29; 2 10; 4-2-2012
74927418; 22 6 30 29 2; 7 1; 19-7-2005
98302730; 20 22 4 35 14; 10 2; 5-10-1999
25593315; 14 2 29 6 23; 2 8; 15-11-1972
28201751; 40 20 30 32 27; 10 8; 22-4-1912
27476637; 27 38 33 21 41; 4 2; 13-2-2015
52137191; 2 14 3 26 7; 9 4; 19-5-2011
63118574; 21 45 43 37 3; 5 10; 27-2-1962
91409424; 4 5 40 11 49; 4 9; 14-6-1994
35244010; 24 20 4 32 18; 5 8; 6-10-1948
95441545; 42 32 39 24 1; 1 7; 22-12-1907
67848693; 11 9 44 46 28; 4 10; 1-11-2021
68413916; 13 33 32 7 45; 2 8; 1-2-2002
27566146; 47 34 40 44 36; 10 2; 10-5-1912
14839389; 17 47 4 25 34; 3 9; 16-6-1921
25533075; 28 13 38 31 46; 3 8; 7-5-1958
64553603; 40 8 35 19 21; 6 4; 23-3-2009
74136526; 20 13 37 27 28; 8 3; 25-3-1908
35909718; 41 32 11 35 19; 10 5; 30-6-1984
81973259; 15 31 30 46 17; 8 7; 30-5-1908
76809136; 22 29 23 16 8; 7 5; 22-5-1928
96396492; 45 18 33 43 44; 2 5; 18-11-1924
54805490; 7 19 47 31 36; 10 9; 4-9-1931
89622399; 20 46 34 47 30; 3 4; 30-6-1958
90579708; 3 49 10 15 28; 5 6; 28-8-1957
97423798; 47 41 14 42 18; 5 3; 1-8-1934
44503386; 4 3 30 9 12; 5 3; 18-2-1939
73798548; 17 12 4 35 30; 1 3; 16-11-1929
39594153; 30 15 36 4 37; 1 4; 9-8-1990
17084263; 9 28 42 37 19; 6 5; 12-9-1963
15716965; 31 14 43 24 29; 9 8; 19-11-2008
58989134; 27 10 12 21 41; 9 6; 21-4-1940
08001512; 31 30 47 7 29; 8 4; 9-7-1944
24727172; 9 24 5 2 27; 10 3; 12-1-2010
63657903; 34 27 3 6 48; 3 1; 5-9-1999
70217395; 47 32 33 48 15; 4 7; 27-9-1995
69571090; 35 28 4 41 7; 5 9; 7-4-1984
65245200; 34 29 38 5 16; 2 3; 3-12-1925
56675692; 46 22 38 14 24; 7 2; 6-7-1995
12669981; 34 20 25 30 26; 9 5; 17-5-1904
81765847; 37 32 48 26 15; 10 4; 13-9-1928
08777609; 21 42 11 8 41; 6 7; 1-5-1992
50256929; 7 11 36 34 42; 3 5; 31-7-1969
33419088; 18 7 42 21 47; 10 7; 28-12-1985
94206703; 31 7 35 37 5; 1 2; 14-7-1962
83734109; 4 24 48 43 2; 9 5; 7-7-1949
38676416; 35 46 14 7 49; 8 5; 23-4-1997
93115408; 28 25 38 30 44; 5 9; 22-3-1929
38804088; 33 48 14 37 7; 3 9; 12-8-1933
42282458; 45 30 43 19 7; 6 3; 27-4-1919
59924787; 5 45 21 29 38; 9 2; 22-4-1981
42589005; 49 5 20 30 35; 9 8; 1-3-1918
24376394; 44 32 41 8 27; 3 7; 21-1-1998
94024475; 40 20 44 22 45; 8 3; 23-9-1966
95153472; 2 11 17 7 14; 8 7; 26-6-1944
19346511; 48 11 42 7 18; 9 6; 26-11-1969
65548392; 12 15 48 42 39; 4 2; 15-10-1968
13812011; 4 29 10 15 19; 6 2; 27-3-1929
31001351; 36 17 20 42 38; 8 4; 19-8-1984
36681775; 10 29 43 6 35; 3 10; 23-12-1970
81315220; 4 48 33 6 10; 1 4; 21-12-1986
60307121; 48 23 49 21 46; 2 4; 2-8-1965
00934842; 30 26 49 5 38; 1 7; 16-9-1935
25915094; 1 39 16 3 11; 6 4; 19-7-1917
64301144; 6 2 39 26 24; 9 2; 22-11-1938
12227954; 14 42 4 34 18; 9 3; 13-4-1925
74287488; 17 18 10 9 34; 5 3; 16-2-1914
01651852; 5 13 29 4 42; 3 9; 18-3-1918
18175875; 27 3 26 47 46; 10 3; 24-2-1978
44897682; 29 44 21 18 37; 1 7; 16-9-1908
83804056; 47 49 16 7 11; 3 10; 5-7-2015
88665194; 46 42 47 26 39; 9 4; 21-3-1946
16957428; 4 3 45 24 26; 6 3; 3-6-1924
05634583; 9 34 18 42 41; 4 10; 27-12-1916
53685208; 3 14 38 49 18; 1 2; 11-1-1975
94948637; 46 44 37 26 35; 7 9; 29-7-1966
61777143; 42 17 41 23 40; 4 10; 2-6-1978
27464615; 44 20 24 11 5; 10 2; 22-1-1907
35617537; 48 24 46 7 43; 10 7; 9-10-2003
97252871; 19 16 18 9 48; 5 10; 28-11-1912
92917311; 43 25 40 41 28; 7 10; 23-11-1971
03881814; 28 11 8 3 1; 2 7; 6-4-1963
97017397; 25 34 8 41 40; 10 5; 26-9-1930
69401001; 38 31 5 7 19; 8 10; 3-8-1972
85851052; 24 25 33 10 2; 7 10; 9-8-2015
74248496; 41 20 39 44 45; 5 6; 27-5-2020
35269202; 40 36 16 47 44; 3 7; 8-4-1912
82714284; 27 15 2 39 9; 5 7; 8-4-1997
13952594; 9 7 18 2 25; 10 6; 20-2-1988
21452946; 22 29 34 2 18; 1 9; 16-8-2013
22843977; 10 15 3 7 11; 5 2; 19-8-2019
52559486; 23 21 40 27 28; 8 4; 5-12-1957
76893806; 33 9 23 49 35; 2 9; 27-6-1935
73244221; 17 24 20 15 38; 5 7; 18-1-2003
27519806; 29 5 12 15 30; 3 8; 3-12-1995
58896005; 10 17 19 20 41; 6 1; 1-8-2003
64038976; 42 20 13 46 2; 10 3; 3-3-1951
52179526; 46 38 12 29 40; 6 4; 11-6-1999
45844897; 17 22 18 24 32; 3 9; 18-10-2020
26091143; 25 40 2 8 12; 8 10; 13-1-2007
82050316; 27 44 17 16 46; 3 10; 20-2-1994
19857533; 3 8 9 39 5; 7 8; 24-10-2005
64696343; 10 15 23 26 43; 1 4; 30-1-1951
16566457; 42 47 17 36 41; 1 2; 20-9-1944
35565948; 38 39 42 33 11; 2 9; 22-12-1986
47767119; 13 41 44 5 2; 8 5; 8-4-1966
38430642; 31 36 32 27 22; 5 1; 11-1-1980
86145214; 48 2 21 11 7; 10 2; 21-11-1941
74221690; 20 12 10 34 33; 1 9; 28-6-1963
41947963; 19 46 18 13 9; 3 9; 5-1-1910
59750116; 7 20 47 10 27; 3 8; 22-5-1991
07187693; 46 14 25 1 37; 6 4; 10-6-1957
28111567; 20 2 12 26 24; 1 3; 12-10-2006
19221491; 47 43 44 26 40; 1 2; 11-4-1952
29745196; 33 28 13 14 15; 6 4; 12-2-1916
11548179; 19 4 15 44 37; 9 3; 21-1-1934
85494242; 48 30 46 38 39; 8 10; 24-8-1973
84170495; 41 39 17 34 38; 3 5; 29-12-1999
23262380; 28 43 34 2 24; 9 10; 24-7-1902
11854216; 38 16 8 17 6; 9 4; 23-2-1986
96519847; 13 39 10 17 49; 5 10; 15-3-1926
82358261; 13 4 31 29 36; 4 10; 10-5-2009
00356833; 22 5 10 9 4; 6 5; 27-8-1960
01524281; 23 41 30 42 15; 9 8; 25-10-1999
33236110; 11 21 42 10 5; 6 1; 4-6-1967
17084342; 45 1 22 24 40; 4 3; 16-11-1946
27538103; 34 38 8 22 49; 8 5; 3-4-1928
64674349; 43 47 28 12 41; 3 4; 11-5-1997
54297416; 28 27 46 23 20; 9 4; 26-12-2000
33096286; 24 27 5 13 3; 9 2; 20-11-2010
75404262; 25 32 45 49 37; 1 7; 9-9-1908
94055681; 42 2 46 29 12; 2 5; 7-8-1997
25603873; 32 39 46 48 18; 4 6; 10-10-1928
25094572; 11 33 34 16 12; 7 5; 2-9-1902
61809202; 21 31 23 3 16; 2 5; 17-10-2012
20095784; 31 38 27 20 8; 5 10; 17-9-1965
08755351; 47 42 39 18 33; 6 2; 1-8-1962
70168306; 15 9 37 2 21; 3 7; 21-6-1939
95142639; 8 34 12 4 33; 4 5; 10-1-1960
75856301; 45 3 27 39 5; 5 2; 27-8-2002
46471467; 21 41 49 14 34; 2 4; 26-8-2006
