15412000; 16 10 25 5 42; 1 4; 11-12-1932
51673073; 42 20 41 1 19; 7 5; 31-8-1924
27523802; 46 26 28 7 33; 3 7; 23-5-1967
76205921; 26 15 21 5 38; 8 1; 28-1-1976
68753271; 10 49 38 37 31; 6 2; 2-11-1925
12768113; 12 30 49 26 21; 5 2; 11-1-1924
23799065; 6 21 9 3 17; 3 6; 19-7-2020
58880036; 41 13 19 15 32; 3 8; 17-7-2017
46509132; 10 26 3 25 41; 1 9; 16-2-1904
42221286; 6 27 20 41 48; 1 5; 30-12-1921
59191696; 39 18 22 11 1; 4 9; 23-3-1935
07418345; 43 10 6 44 26; 1 3; 26-3-2006
11179188; 41 46 36 18 8; 7 10; 21-5-1932
11600794; 15 11 2 5 31; 3 5; 8-10-1979
58133284; 16 20 32 5 3; 1 2; 26-2-1945
96942997; 28 33 30 2 8; 7 4; 19-8-1990
99001190; 30 8 26 33 4; 5 10; 10-11-2008
21992401; 7 3 41 16 33; 6 2; 3-6-1937
99824101; 6 8 38 41 49; 7 5; 29-8-2018
58974430; 45 38 15 49 37; 5 6; 3-10-1912
23131965; 40 18 10 22 13; 9 1; 20-4-1923
29264203; 9 47 14 49 20; 7 2; 1-11-1977
00812143; 39 23 44 49 47; 3 7; 27-4-1988
42570877; 2 23 17 6 35; 9 7; 6-5-2003
58479697; 37 18 40 25 34; 2 5; 21-9-1997
71571450; 37 10 46 34 1; 4 7; 5-8-1966
93778489; 45 43 34 25 33; 7 6; 23-4-1990
13066389; 7 17 40 28 19; 2 4; 9-11-1979
57903718; 15 14 4 9 1; 9 10; 13-10-1924
51320819; 18 11 35 37 27; 5 2; 14-2-1977
56151403; 5 12 39 41 17; 3 1; 1-5-1903
28207241; 19 32 12 42 45; 2 3; 3-9-1903
97597240; 22 47 10 7 2; 9 5; 30-5-1976
41799651; 16 30 20 10 38; 9 7; 30-7-1996
05694448; 49 33 21 46 43; 7 10; 2-7-1925
26749435; 3 18 43 17 42; 9 1; 11-2-1928
92305643; 31 19 26 1 9; 7 6; 18-8-1963
90532491; 41 31 30 6 17; 10 4; 13-11-1943
13131812; 12 13 43 5 46; 2 9; 12-5-2020
63142914; 47 13 25 10 2; 4 1; 3-4-2018
46876978; 17 4 32 47 16; 4 5; 9-3-1963
47427177; 19 24 17 13 8; 9 3; 23-4-1931
93879671; 21 36 4 12 5; 10 8; 12-3-1927
60000248; 39 38 9 46 3; 2 8; 4-10-1982
38236983; 27 47 12 49 6; 6 5; 3-2-1936
08122965; 21 42 46 20 26; 8 1; 18-8-1948
37214407; 18 29 43 23 45; 9 5; 14-1-2017
81678987; 10 26 44 43 25; 9 5; 14-12-1945
73985873; 19 40 29 22 46; 4 3; 6-11-1974
89005523; 22 23 35 24 3; 1 6; 17-10-1913
63749739; 31 39 5 8 19; 4 10; 28-9-1931
58863185; 9 23 35 24 7; 8 10; 6-2-2011
64780294; 25 42 33 49 40; 8 6; 26-1-1965
52036360; 14 3 28 40 37; 7 1; 7-12-2011
08870536; 22 8 20 31 49; 5 7; 7-12-1956
94455185; 31 25 41 9 13; 7 5; 2-6-1976
48003676; 8 46 29 9 30; 5 3; 27-4-2001
39505151; 16 15 8 37 23; 3 8; 18-4-1960
32389170; 32 34 17 40 25; 1 10; 24-1-1906
84330365; 44 4 27 40 31; 3 6; 17-8-2017
13554247; 7 23 40 36 33; 4 1; 10-12-1934
88857461; 32 41 40 27 48; 9 4; 18-12-1924
23559927; 14 32 37 29 41; 6 9; 10-5-1977
34468207; 32 35 25 19 49; 7 3; 20-11-1987
45440560; 17 24 40 49 5; 9 3; 11-7-1921
70779442; 31 37 11 12 10; 5 6; 30-6-1946
01577439; 28 48 2 37 22; 6 8; 9-1-1956
24467944; 28 49 35 42 40; 5 1; 28-10-1946
22249445; 29 4 9 5 48; 6 8; 6-1-1974
31137298; 26 37 36 9 12; 7 3; 21-6-1974
15904324; 30 17 39 19 15; 8 1; 18-2-1910
43323873; 18 38 14 22 34; 7 1; 15-8-1907
46247597; 19 49 25 39 37; 1 9; 11-5-2017
16958482; 11 34 20 49 30; 9 5; 9-8-1927
25035959; 2 29 42 28 26; 8 3; 20-4-1908
13353656; 41 21 18 34 15; 3 1; 10-11-2007
27102289; 4 31 10 34 36; 6 8; 25-4-2016
82821807; 34 20 35 23 42; 3 7; 11-7-1948
25505501; 39 6 33 23 37; 9 4; 18-11-2016
95522408; 10 12 23 2 29; 2 5; 14-6-1997
74392035; 25 41 49 10 11; 8 2; 29-10-1943
74777258; 4 20 29 18 28; 1 2; 2-1-2012
19187543; 29 9 35 1 48; 7 5; 20-4-1965
36979240; 18 23 47 45 2; 2 4; 26-5-1949
88013579; 47 14 21 34 1; 1 6; 6-5-1920
50057464; 23 31 5 2 9; 10 5; 13-2-1951
35025118; 24 13 10 37 5; 10 4; 28-10-1938
59599177; 13 12 43 21 20; 9 5; 4-9-1964
46232176; 15 25 17 37 43; 3 5; 10-12-1905
77516712; 42 27 33 18 28; 4 9; 3-2-2005
94325901; 48 6 45 26 28; 4 5; 14-2-1947
67917010; 17 31 7 39 10; 4 9; 8-12-1933
75850320; 4 1 34 5 10; 4 1; 12-3-1913
11575319; 27 45 46 33 39; 4 1; 20-6-1989
95276046; 16 32 18 12 40; 5 9; 21-9-1999
93965316; 40 39 34 6 32; 5 2; 5-10-1941
57130534; 3 25 5 46 4; 1 3; 29-5-1938
58945093; 25 16 26 28 30; 4 7; 5-6-1959
32072168; 7 46 32 33 4; 4 2; 20-6-1992
02885097; 33 38 28 35 12; 5 6; 8-7-1986
05432425; 38 46 37 12 40; 7 4; 1-11-1999
00380803; 35 43 31 28 6; 5 7; 1-4-1919
82292950; 30 10 49 12 35; 1 10; 18-4-1993
27208571; 34 28 10 36 13; 6 4; 3-11-1955
56471181; 11 5 45 41 31; 1 4; 5-6-1951
75912701; 46 33 45 20 19; 8 2; 5-4-1938
16622944; 35 19 43 24 32; 4 6; 4-3-1985
56459045; 40 18 16 13 7; 4 10; 25-6-1929
33045496; 18 2 24 9 6; 1 9; 6-4-1932
43306380; 4 42 7 26 10; 4 5; 22-8-1902
68016349; 36 15 25 26 46; 5 7; 7-3-1957
76589463; 42 40 37 44 36; 10 8; 1-6-1900
64028303; 23 28 11 27 48; 2 7; 8-2-1943
37354290; 44 11 42 36 20; 1 5; 20-11-2017
23559883; 48 42 33 36 12; 5 4; 27-10-1963
93645136; 14 7 39 32 48; 10 8; 9-12-1988
87982913; 34 47 9 5 14; 4 2; 28-8-1950
66586676; 32 46 2 24 41; 7 3; 11-5-1911
01365126; 13 24 23 10 31; 1 5; 7-3-1909
73804303; 44 34 39 32 6; 4 9; 30-9-2005
46650366; 13 49 35 8 48; 4 6; 29-10-1980
86787186; 4 40 19 47 5; 7 4; 4-6-2000
42756890; 24 19 14 11 8; 7 3; 2-6-1911
46024990; 23 7 28 33 29; 3 6; 11-12-1920
59528903; 41 12 25 23 34; 6 2; 3-7-1959
90108552; 43 33 17 1 42; 8 2; 21-8-2001
39869891; 5 18 20 45 41; 4 9; 22-12-1927
05455824; 21 23 14 17 33; 6 9; 1-3-1985
51093649; 9 21 25 29 6; 3 6; 2-12-1993
29761278; 11 46 30 5 26; 9 10; 16-12-1913
40083143; 23 6 13 11 27; 5 2; 25-10-1936
45299803; 21 34 14 17 35; 10 2; 24-6-1906
84428257; 22 21 32 37 35; 1 10; 16-11-1984
87186402; 32 31 43 4 41; 7 6; 14-9-1909
18187607; 6 12 26 42 43; 9 3; 21-12-1902
46102156; 24 29 23 9 1; 7 1; 17-8-1985
85645339; 8 13 31 19 42; 4 9; 6-8-1932
23716511; 7 34 32 40 36; 6 5; 7-12-1900
86079510; 20 15 49 30 35; 4 6; 17-9-1958
33298414; 1 24 31 10 26; 7 6; 22-11-2019
96257613; 2 25 46 1 14; 4 3; 30-7-1975
44661756; 6 14 48 13 38; 5 10; 13-4-1929
21896129; 30 7 43 17 6; 2 3; 15-4-1902
04766404; 1 49 5 6 42; 4 1; 10-2-1966
30836167; 12 24 36 7 15; 9 3; 30-11-1998
93458630; 33 21 42 32 7; 3 10; 12-10-1944
36453603; 13 30 25 11 42; 10 3; 26-5-1943
71651619; 41 25 10 33 34; 4 6; 6-9-1965
95432233; 5 15 7 9 30; 1 6; 25-3-1989
97022843; 46 11 41 2 17; 1 2; 13-10-1904
98172878; 41 6 38 12 31; 8 2; 14-2-1990
88273566; 10 33 40 8 35; 2 4; 16-4-1974
09758128; 15 17 6 18 11; 6 7; 6-11-1945
70997643; 29 22 12 30 19; 8 5; 15-11-1985
79296317; 44 27 46 30 15; 1 7; 14-12-2002
02550716; 16 25 2 1 23; 4 5; 9-10-1963
93482584; 12 20 45 40 1; 10 3; 7-11-1967
93421012; 10 38 44 9 15; 4 3; 25-3-1951
22178296; 14 18 8 22 30; 1 7; 18-11-1908
08720289; 32 22 3 12 34; 7 4; 7-5-1977
32372378; 29 46 42 11 18; 3 8; 5-5-2012
64581067; 48 46 43 29 27; 9 3; 29-8-1929
03169722; 2 23 8 35 7; 8 1; 22-1-1962
07877575; 39 38 25 11 42; 3 1; 30-5-1982
49027843; 15 21 4 6 33; 7 10; 23-12-2013
03935782; 24 22 33 30 37; 9 4; 4-10-1998
89519468; 18 47 42 19 46; 10 2; 23-11-2020
28530909; 33 10 24 26 42; 5 6; 20-8-1974
21732995; 22 5 36 30 38; 8 2; 12-12-1991
77489022; 25 29 47 27 49; 2 1; 24-9-1941
64794598; 41 9 38 21 3; 8 2; 12-9-1934
87973503; 24 1 48 31 49; 5 8; 15-2-1906
84427581; 23 7 48 19 16; 10 6; 26-8-2003
38156695; 32 25 29 2 34; 2 1; 5-8-1904
96694971; 33 29 16 13 8; 5 10; 6-10-1916
40018367; 23 7 33 27 31; 3 10; 29-10-1993
08018728; 31 34 32 4 11; 4 2; 5-9-1997
65129114; 45 13 18 42 21; 4 6; 1-6-1964
11177798; 36 7 48 32 34; 7 9; 22-1-1964
05025986; 44 11 10 30 2; 10 2; 20-2-2001
21402637; 20 34 14 44 39; 6 3; 29-1-2007
54679645; 4 45 8 1 29; 8 4; 6-1-1943
76635954; 37 9 27 3 18; 4 9; 4-7-2001
22183042; 4 19 43 18 31; 10 3; 12-10-2014
63071445; 31 37 40 24 3; 4 5; 31-5-1922
63936567; 29 33 10 5 32; 3 7; 25-11-1999
05239404; 45 48 41 11 40; 10 3; 3-5-2003
84584047; 44 24 6 9 23; 4 1; 5-1-1944
23795550; 38 42 27 15 6; 6 7; 3-5-1994
77664681; 46 19 37 26 10; 6 9; 22-7-1925
72523724; 16 44 38 21 22; 5 10; 3-5-1903
90013972; 27 49 37 44 43; 4 3; 28-2-1930
94882018; 20 15 4 3 40; 2 6; 17-4-1981
47343673; 38 30 8 11 33; 2 7; 22-10-1920
20920326; 17 6 2 45 37; 10 8; 11-6-1972
15074317; 25 30 37 32 12; 1 2; 6-7-1923
96309685; 41 22 38 7 19; 4 1; 2-1-1904
78122774; 46 41 39 4 5; 9 4; 11-9-1991
70574405; 16 49 21 33 15; 5 7; 7-7-1905
89438476; 10 12 35 16 2; 7 10; 26-5-1923
67433626; 47 19 1 8 12; 10 6; 9-8-2008
31220711; 21 18 1 7 19; 10 3; 9-5-1955
07677953; 36 7 49 38 8; 4 7; 2-1-1976
80933187; 24 7 1 35 48; 6 4; 27-10-1908
63078839; 42 5 1 29 49; 3 10; 10-12-1908
90649549; 43 45 8 35 2; 2 10; 5-3-1969
03788334; 15 33 27 24 41; 2 1; 15-1-2010
84487503; 12 28 20 42 11; 4 7; 26-1-2007
02916338; 3 2 6 32 20; 1 5; 26-1-1921
58955080; 32 42 24 13 4; 10 5; 8-8-1992
45074883; 23 1 47 17 2; 4 5; 12-3-1955
45835840; 24 44 17 41 33; 9 3; 1-6-1938
53663525; 1 28 14 41 13; 2 6; 8-7-2006
80599857; 32 16 23 22 15; 1 2; 10-1-1988
60044948; 27 20 12 33 1; 9 8; 18-5-1969
25139005; 26 4 28 2 19; 5 7; 3-2-1956
74147524; 17 13 46 1 41; 1 7; 23-3-2001
02036128; 28 7 3 42 29; 5 1; 9-2-1957
51492463; 37 21 22 1 13; 5 7; 8-4-1987
28862914; 16 8 41 14 25; 10 3; 10-6-1901
99923517; 29 49 48 41 19; 8 5; 14-7-1998
97872523; 25 28 5 18 33; 2 8; 10-3-1971
37269591; 40 27 37 34 47; 3 8; 24-10-1988
81842625; 32 8 31 17 18; 5 3; 14-4-1934
69691020; 17 36 49 21 1; 5 4; 25-7-1901
31830156; 21 33 13 23 7; 10 2; 23-7-1908
58629669; 20 3 11 31 30; 3 7; 9-5-2020
48701091; 10 41 30 25 18; 8 5; 12-1-1940
82879708; 35 47 30 36 29; 1 9; 30-8-1999
60009611; 8 22 35 45 47; 8 9; 18-12-1988
12203712; 26 5 17 30 35; 4 9; 20-2-1933
70962338; 6 44 34 1 13; 2 1; 5-6-1974
08307515; 1 3 29 11 31; 3 7; 8-1-1978
77318158; 10 35 38 12 25; 2 6; 16-11-2008
62535864; 1 37 25 12 4; 5 4; 18-8-1931
33400030; 33 25 4 48 31; 9 5; 22-10-1945
13645187; 26 34 49 27 9; 3 2; 30-5-1918
35875397; 28 8 19 33 18; 1 10; 5-7-1942
88215349; 42 30 12 18 4; 3 2; 31-3-1939
76345324; 25 49 9 34 22; 1 8; 19-11-1987
83920968; 31 48 4 7 43; 2 9; 3-9-2018
46399576; 2 13 45 1 42; 10 5; 23-4-1947
34297910; 21 32 33 3 35; 10 9; 29-3-1907
56048492; 15 6 45 22 33; 8 9; 6-9-1911
70953895; 18 16 24 11 10; 10 8; 15-3-1958
21200167; 23 40 13 44 38; 7 9; 31-1-2017
64425260; 46 45 32 36 21; 7 9; 3-2-1926
88013746; 28 33 49 21 39; 2 4; 3-8-1978
70605493; 45 22 34 6 49; 10 5; 16-5-1991
16263953; 25 28 47 35 4; 9 2; 5-9-1999
37128943; 4 23 1 30 8; 7 4; 28-8-1938
53165176; 13 8 21 44 10; 6 5; 20-3-1962
93081480; 18 43 6 32 14; 3 7; 26-8-1944
30738781; 7 3 8 41 29; 6 7; 16-9-1981
51031519; 1 27 49 26 40; 10 8; 20-8-1904
36657639; 11 35 17 48 1; 4 8; 9-9-1998
55480067; 45 37 47 26 49; 5 2; 21-9-1994
05282518; 5 11 49 28 35; 1 2; 21-3-1905
76062743; 18 31 37 26 47; 2 3; 26-10-1999
17466775; 7 3 5 28 9; 2 8; 6-3-1962
81133478; 14 7 3 21 11; 1 10; 23-9-1914
39612854; 5 3 6 24 36; 6 7; 7-5-1941
03295098; 9 2 17 35 28; 1 3; 1-9-1929
25139824; 24 44 5 34 46; 9 5; 7-8-1973
59324749; 43 36 30 31 41; 5 4; 20-4-1915
03828118; 44 31 47 13 2; 10 6; 11-1-1941
73824480; 42 22 1 31 10; 4 10; 7-5-1925
96544808; 25 28 18 31 24; 2 7; 8-7-1911
91253735; 18 43 1 46 26; 10 8; 19-2-1950
23781224; 1 40 48 3 42; 3 5; 19-1-1980
10137872; 16 48 1 41 42; 1 8; 29-12-1995
55429350; 30 13 44 43 5; 5 4; 29-5-1989
63033638; 13 2 31 15 22; 3 2; 21-6-1968
05396797; 35 38 9 37 16; 2 6; 3-3-1906
16350418; 38 27 36 7 10; 6 9; 24-8-1964
39354714; 4 8 18 6 34; 9 8; 22-1-1959
34490973; 48 27 38 18 10; 8 3; 30-4-2000
61622034; 14 33 9 48 27; 5 8; 24-12-1919
85337081; 40 45 20 28 3; 3 1; 5-2-1903
90341784; 23 48 30 39 15; 2 3; 22-6-1997
52899660; 16 43 33 10 39; 2 10; 17-9-1951
60919720; 17 5 1 43 25; 9 10; 12-8-1965
66721838; 5 2 45 44 13; 2 10; 21-8-1977
51748716; 42 5 38 36 24; 7 4; 28-8-1958
94725818; 45 10 39 24 4; 10 7; 28-9-1982
45231205; 13 46 7 31 44; 2 7; 6-6-1930
15865331; 3 23 37 33 5; 7 5; 4-5-1947
74063246; 32 46 11 2 45; 6 1; 12-4-1955
46570339; 28 10 46 5 49; 6 4; 17-10-1911
37252652; 5 39 35 17 30; 1 4; 30-8-1990
56570109; 27 5 42 28 7; 10 4; 4-8-1933
91224199; 11 28 25 48 45; 1 4; 28-11-1991
06272025; 36 47 32 39 20; 4 1; 12-2-1957
75469837; 30 39 10 4 48; 9 10; 25-4-1985
76444925; 20 32 3 1 33; 1 8; 2-8-1996
06450300; 4 22 11 29 25; 5 9; 26-10-2009
27502386; 13 21 6 31 43; 7 6; 21-4-2002
73973905; 11 29 31 1 13; 5 1; 24-2-1941
17699642; 22 30 19 47 1; 5 10; 11-8-1988
71805191; 11 14 46 48 19; 6 5; 27-8-1925
75130966; 6 42 45 43 5; 9 7; 8-5-1955
19569385; 2 24 44 46 22; 6 3; 19-1-1917
02662534; 49 17 29 31 11; 3 2; 13-10-2016
97698134; 26 13 2 33 12; 1 5; 7-10-1971
50986308; 42 22 3 18 38; 1 2; 9-9-1998
01388721; 8 10 30 37 22; 4 8; 31-3-2004
16677035; 12 19 2 44 30; 7 5; 20-8-1960
27917418; 49 16 23 43 7; 4 10; 15-4-2003
15915453; 33 31 10 28 38; 3 9; 3-11-2000
44340637; 27 39 40 42 37; 5 6; 1-1-1920
22538382; 38 26 28 31 1; 7 10; 22-9-1977
64634525; 7 13 25 46 22; 6 8; 2-1-1935
04263989; 17 33 41 27 34; 8 5; 29-3-2002
45876105; 43 17 2 4 7; 8 6; 9-9-1922
14662332; 23 15 24 45 27; 2 8; 25-6-2014
28752345; 19 30 21 24 31; 8 1; 12-3-1982
33364151; 31 14 45 16 20; 10 4; 28-1-2006
99214562; 40 28 36 17 47; 10 9; 9-9-1929
70467512; 43 27 45 12 34; 10 2; 31-7-1900
05307383; 44 30 17 19 6; 3 6; 8-4-1936
33914980; 27 3 46 23 43; 2 9; 19-9-2016
49255964; 2 4 41 26 45; 10 4; 6-10-1992
44992287; 46 9 40 27 39; 8 6; 5-8-2005
04344684; 18 27 31 4 12; 9 2; 29-3-1932
23597695; 17 12 21 15 23; 5 7; 14-4-1919
31407158; 47 10 33 14 7; 7 9; 11-2-1996
86254519; 27 10 40 19 45; 10 8; 23-4-2005
46777018; 39 47 2 34 30; 3 9; 21-6-1960
54402850; 18 4 13 20 37; 2 6; 13-7-1917
48145226; 4 14 24 33 17; 10 9; 30-12-1905
37684822; 45 42 3 43 33; 9 2; 20-9-2016
43099985; 42 21 22 33 8; 10 4; 26-9-1943
22821970; 45 15 11 12 7; 6 1; 27-9-1990
51853014; 40 13 11 27 19; 4 7; 18-3-1994
63442936; 21 45 29 27 2; 8 2; 13-8-1912
26783568; 3 36 32 44 29; 3 5; 21-4-1972
79554215; 12 14 5 48 44; 5 8; 15-1-1969
04751224; 2 34 47 27 25; 4 6; 20-4-1984
59452041; 9 33 4 37 26; 7 6; 28-5-1966
64482773; 17 48 49 22 30; 7 9; 3-12-1924
83122876; 49 12 29 32 35; 7 6; 8-11-1951
41999246; 34 7 3 16 39; 3 1; 6-3-2020
09979805; 15 23 42 1 38; 1 6; 27-3-2010
83399989; 49 19 16 15 22; 6 1; 12-3-1986
57717191; 16 15 13 39 43; 6 7; 29-8-1905
45525438; 19 16 41 46 22; 6 3; 15-10-1917
70636065; 42 9 39 25 26; 3 7; 21-5-1909
35023557; 13 15 33 41 39; 4 9; 28-3-1953
26269384; 29 28 3 6 38; 9 8; 21-6-1971
94950316; 10 32 39 11 37; 3 4; 22-2-1990
50414632; 21 10 16 32 38; 4 10; 22-3-1930
15667284; 6 40 12 36 23; 4 1; 9-9-1970
32871585; 45 26 23 32 47; 2 7; 25-3-1968
33690361; 28 25 31 8 39; 9 10; 12-2-1928
02837495; 45 13 9 2 37; 4 6; 1-3-1958
98418806; 38 27 12 47 7; 9 5; 13-4-1987
66807817; 46 6 35 21 18; 2 10; 28-12-1916
01813209; 47 31 30 11 39; 3 2; 21-10-2008
63504269; 14 15 24 46 12; 5 7; 14-12-1975
27958049; 34 45 3 1 20; 3 8; 13-5-1919
73247615; 14 13 25 34 31; 7 5; 10-6-1923
54849445; 42 3 31 13 11; 7 2; 2-4-1954
52766373; 14 27 13 20 36; 10 8; 11-2-1960
35945501; 8 26 24 2 9; 10 5; 9-12-2016
47795118; 7 15 47 29 30; 8 4; 13-4-1948
19860739; 35 29 32 12 17; 4 6; 23-1-1922
05797670; 43 6 9 4 47; 5 8; 8-8-1969
43123285; 5 1 32 43 25; 8 4; 27-10-1913
93914318; 4 8 31 29 37; 3 10; 24-10-1935
74926910; 11 1 7 42 37; 4 7; 22-8-1954
16424816; 1 40 17 41 43; 1 2; 16-5-1968
17377755; 41 11 2 37 40; 1 2; 1-2-1958
23628725; 42 32 7 47 11; 9 10; 14-2-1996
28701965; 15 7 10 29 3; 9 10; 23-11-1968
00408314; 39 17 21 2 7; 8 3; 20-3-1927
26461970; 30 11 40 32 7; 5 7; 26-8-1918
29729888; 6 41 10 42 46; 9 1; 4-9-1906
84909688; 26 47 5 23 19; 1 4; 24-2-1956
65568500; 27 28 9 4 10; 6 10; 11-7-1956
13277605; 32 14 48 13 31; 7 4; 11-10-1924
73830714; 21 7 41 39 17; 4 5; 12-8-2006
85012667; 30 48 12 13 5; 6 7; 26-9-1997
33615676; 31 10 18 35 49; 5 8; 29-12-1969
63462416; 29 22 45 46 15; 3 8; 16-1-1936
62038744; 19 3 32 17 26; 10 6; 14-4-1902
81765505; 26 11 16 10 23; 8 9; 9-11-1939
88748569; 25 3 31 5 21; 6 7; 12-10-1918
02078004; 40 11 25 7 6; 1 6; 5-11-1923
21558437; 29 8 4 24 32; 5 4; 16-3-1973
04640175; 43 18 34 22 5; 6 7; 23-1-1939
11029981; 29 40 31 49 2; 7 6; 3-6-2018
94510772; 20 4 31 18 45; 8 9; 11-6-2003
04402931; 27 41 33 29 39; 3 2; 15-4-1963
53428717; 11 27 6 44 40; 6 2; 23-3-2003
55546785; 11 19 36 25 34; 6 4; 14-4-1901
95392274; 48 3 42 16 46; 8 3; 23-3-1980
19471073; 26 3 23 46 14; 7 6; 1-3-1975
83623487; 11 26 39 5 34; 3 8; 11-11-2014
96079543; 3 19 14 27 11; 7 2; 8-10-1943
74110751; 39 14 43 49 10; 7 5; 15-10-1916
03428088; 43 30 28 39 5; 9 5; 13-9-1933
96348189; 38 36 1 7 13; 4 5; 22-6-1946
49151368; 42 7 36 9 34; 7 10; 20-8-1992
75242176; 11 4 29 33 7; 7 10; 2-9-1942
10580569; 27 23 22 14 25; 5 7; 5-9-1981
93983763; 24 18 33 32 37; 10 9; 12-4-1933
69412753; 25 11 42 27 2; 7 5; 16-2-1945
58781573; 1 37 19 13 36; 5 1; 15-5-2006
38564005; 12 41 17 28 30; 10 8; 28-12-1992
57284224; 8 34 10 2 4; 2 7; 19-2-1961
87039141; 40 43 49 45 4; 7 3; 10-11-2020
20409980; 47 21 30 14 48; 1 5; 8-5-1909
76499078; 46 47 20 14 33; 2 8; 30-10-1949
79637307; 44 20 31 19 5; 2 10; 29-10-1976
43107387; 1 27 21 47 24; 3 7; 5-6-1971
02017137; 34 10 30 37 6; 9 2; 27-1-1917
99939729; 22 31 6 44 40; 10 1; 5-7-1907
07595975; 27 20 32 15 37; 6 2; 17-12-2003
08126946; 19 5 27 6 29; 9 6; 12-3-1965
46738761; 29 18 36 4 9; 3 2; 25-10-1995
91793549; 8 18 12 24 2; 1 3; 15-3-1964
95571805; 16 8 6 29 27; 8 4; 20-7-1946
06660093; 23 9 10 16 4; 8 1; 7-8-1901
74825494; 45 35 31 19 10; 5 8; 7-11-1994
03365987; 49 40 32 33 46; 6 7; 17-3-1960
93738866; 43 24 25 39 22; 6 5; 1-3-1930
27963015; 33 6 14 32 17; 2 1; 24-1-1973
12152353; 31 40 2 23 25; 4 7; 22-11-1924
16386900; 25 3 27 19 38; 1 3; 21-5-1967
53022152; 49 3 24 9 29; 10 2; 17-4-1908
72426897; 26 40 30 22 31; 10 1; 23-6-1933
63497383; 30 9 8 18 4; 6 10; 2-12-1921
32645690; 44 42 20 47 49; 4 5; 20-4-1967
18920041; 41 18 45 6 8; 10 8; 13-1-1981
78518084; 25 20 43 41 33; 8 10; 14-5-1930
41720842; 6 34 28 29 17; 8 7; 9-6-1948
47779841; 20 44 10 35 12; 3 10; 7-1-1948
20637951; 36 37 28 23 44; 4 6; 5-4-1901
09840033; 4 22 3 34 42; 6 10; 3-7-1920
59678413; 35 11 1 47 40; 10 9; 31-3-1916
96868155; 19 9 5 47 20; 4 3; 15-10-1900
24368400; 30 2 14 19 1; 5 1; 13-6-1925
09858766; 17 19 1 45 28; 2 8; 13-11-1917
88532591; 45 8 47 23 15; 1 3; 5-11-1946
99979554; 11 7 31 41 5; 8 1; 3-10-1965
79746026; 19 30 37 46 21; 7 9; 18-12-1943
24825465; 19 27 16 46 23; 7 10; 30-3-2008
90627082; 30 15 18 28 1; 3 9; 8-12-1996
76623034; 44 46 37 7 15; 1 10; 29-3-1978
30120964; 46 43 24 15 37; 6 8; 25-4-1927
38964396; 13 37 42 47 4; 2 4; 2-3-1989
33989164; 32 1 8 30 15; 5 10; 16-10-1901
64908051; 25 21 23 17 5; 2 1; 19-12-2021
28542228; 25 9 2 12 10; 5 10; 23-2-1985
72953801; 45 40 12 4 20; 7 9; 11-11-2006
73345731; 44 14 27 6 28; 9 4; 15-1-2010
06793114; 22 48 1 3 17; 2 4; 24-10-1927
05425378; 17 16 25 18 3; 5 2; 26-3-1986
55689780; 5 24 41 6 49; 5 3; 28-6-1926
16969805; 20 46 29 5 49; 8 7; 19-8-1982
09594010; 45 5 49 43 31; 2 7; 6-2-1997
03829314; 4 33 37 45 34; 4 9; 12-11-1910
48701994; 28 11 19 17 13; 3 4; 25-3-2007
33039741; 44 16 42 7 43; 3 5; 28-3-1909
17597534; 24 25 4 37 49; 1 7; 18-2-1972
45130506; 22 34 38 25 3; 5 3; 18-10-1906
67830897; 33 23 7 35 22; 9 8; 17-9-2019
23728572; 44 39 28 14 21; 8 1; 10-7-2011
64868049; 39 13 42 27 8; 8 1; 28-3-1976
13175996; 26 15 19 5 11; 8 7; 18-10-1965
31497527; 42 5 39 1 19; 1 6; 16-7-1976
43924768; 41 43 27 11 49; 3 9; 29-6-1990
91989931; 26 32 2 42 24; 5 1; 23-11-1945
13618072; 42 18 46 49 1; 5 4; 31-8-2019
91150382; 35 31 25 20 34; 3 8; 24-2-1982
93388987; 43 16 19 27 13; 10 7; 22-9-1927
57312582; 6 29 32 45 8; 10 7; 22-5-1969
01000526; 15 22 32 45 46; 9 10; 22-9-2004
92467325; 29 34 41 49 38; 10 3; 24-11-1986
15635230; 32 4 23 22 6; 6 7; 22-8-1985
29591991; 44 28 39 43 37; 10 1; 3-1-1973
21629514; 46 8 41 26 32; 3 8; 22-5-1968
45975964; 23 3 2 44 43; 5 6; 16-1-1906
03634628; 28 24 1 7 13; 8 5; 4-6-1972
20460697; 38 40 42 2 25; 4 9; 30-10-1966
63283872; 19 2 30 1 31; 5 6; 28-9-1945
79234144; 30 14 37 9 42; 7 5; 22-3-1978
54763822; 16 24 2 26 33; 2 6; 28-5-1916
51664601; 14 36 26 12 43; 4 6; 23-6-2011
80470064; 27 30 41 20 1; 10 9; 18-3-2008
12962154; 32 3 27 40 48; 4 7; 15-8-2011
15853381; 44 45 19 36 43; 9 4; 10-11-1989
33548754; 2 37 43 19 44; 6 3; 19-8-1955
14034773; 32 17 49 40 20; 7 4; 12-1-1951
36280676; 34 6 18 17 20; 5 6; 9-8-2016
60293488; 40 29 9 19 14; 1 3; 27-11-1966
96271956; 20 16 46 5 7; 4 2; 21-9-1910
41542890; 4 2 43 19 17; 4 5; 21-4-1952
98631282; 6 11 12 34 13; 3 10; 4-7-1964
63731057; 2 40 37 1 41; 10 4; 10-7-1936
38236984; 40 38 47 44 30; 5 10; 26-2-1976
45780451; 29 40 18 46 38; 9 10; 1-4-2018
11598502; 26 45 41 33 29; 7 6; 16-5-2004
83334242; 10 49 31 6 39; 9 4; 4-4-1924
80794496; 49 35 29 6 25; 4 5; 6-10-1916
32994054; 22 35 44 41 38; 4 2; 25-3-1938
37434610; 24 47 33 9 30; 2 9; 23-10-1912
56889423; 30 48 44 13 43; 7 9; 13-2-2013
72167537; 5 25 1 2 14; 10 1; 26-8-1977
70222664; 49 31 36 4 29; 7 6; 15-5-1955
16800615; 32 16 27 28 3; 2 5; 1-8-1973
89852054; 30 31 24 16 36; 5 1; 20-3-1986
45406146; 19 7 25 12 24; 6 9; 9-7-1969
73650901; 48 27 42 45 18; 10 8; 15-2-2021
75762361; 17 33 13 7 38; 4 6; 27-8-2014
00641232; 35 38 27 20 49; 7 8; 7-5-1942
83635976; 10 18 5 6 34; 7 6; 11-10-2012
63526583; 33 34 23 16 8; 10 9; 13-12-1986
12917280; 47 7 23 29 44; 9 2; 15-2-1986
53585803; 18 3 30 31 17; 6 2; 28-9-1909
08365854; 48 9 3 23 44; 5 8; 24-8-1917
25442871; 17 21 36 24 43; 4 9; 27-10-1988
82899810; 6 29 25 23 12; 1 2; 14-4-2017
43670537; 20 10 5 31 34; 5 7; 23-7-1982
92499878; 43 33 9 41 47; 10 7; 26-12-1970
65042090; 39 11 3 12 28; 7 8; 19-2-2017
07897294; 7 15 24 43 5; 2 9; 26-9-1901
99987219; 45 4 8 13 31; 2 4; 29-6-1911
26918360; 15 36 35 22 2; 2 8; 26-12-2008
93593212; 8 21 11 14 38; 4 5; 7-5-2019
62310750; 34 26 16 39 28; 9 5; 31-1-1986
75388501; 34 42 14 43 21; 1 10; 25-4-1941
70146649; 32 42 19 6 8; 4 3; 26-9-2002
68043809; 7 39 26 33 42; 6 8; 10-11-1992
07072432; 34 10 7 26 43; 7 1; 4-11-1984
32511023; 26 38 19 31 28; 10 6; 20-1-1924
90393508; 27 46 44 1 30; 2 6; 17-10-2021
87894226; 31 7 25 46 44; 3 7; 17-10-1906
97260637; 44 12 45 28 7; 2 5; 14-10-2021
87937574; 33 11 37 24 22; 10 8; 19-4-1979
11198547; 2 45 38 39 1; 2 6; 30-12-1981
60594238; 34 47 2 3 12; 8 7; 10-8-1967
15841358; 48 38 29 10 12; 5 4; 29-4-1918
12892941; 44 49 34 37 29; 7 1; 3-7-1937
39525181; 32 16 14 48 26; 10 6; 21-9-1998
34263368; 46 25 13 42 3; 8 5; 17-9-1928
66536728; 1 18 39 48 36; 3 8; 25-12-1920
21342208; 16 35 31 39 11; 5 6; 24-12-1984
36471811; 41 4 20 32 21; 4 5; 26-8-1936
03530437; 13 10 31 33 17; 2 5; 13-11-1991
11276135; 2 36 32 48 29; 1 7; 28-3-1969
69662354; 39 38 1 21 37; 7 9; 28-12-1918
17072367; 42 49 28 7 13; 9 3; 29-12-2009
68079380; 27 24 1 30 39; 3 7; 25-9-1912
33009188; 20 4 7 32 39; 2 7; 28-11-2001
84841893; 24 9 10 25 38; 9 2; 7-10-2013
35533176; 33 1 11 6 19; 6 1; 14-7-1988
07900068; 25 44 47 40 31; 5 4; 15-12-1985
38870449; 25 19 20 39 29; 7 4; 27-2-2005
76197336; 21 49 46 26 15; 5 4; 12-10-1913
73794509; 15 44 38 9 4; 5 8; 26-4-1957
56505272; 19 44 31 27 30; 2 6; 20-5-1912
03559729; 46 23 1 45 9; 8 5; 19-2-2018
35806049; 11 26 21 9 39; 8 4; 8-6-2007
76192952; 41 11 35 26 21; 2 5; 7-11-1941
63917518; 13 21 14 46 44; 5 3; 14-12-1925
56775249; 38 23 32 41 35; 8 5; 13-11-1934
42191421; 35 37 23 12 2; 8 2; 1-3-1902
91787505; 15 13 17 22 2; 3 8; 9-12-1968
06728140; 20 13 14 10 46; 4 1; 30-9-2002
17599824; 47 14 39 23 10; 9 7; 14-6-1986
73085945; 18 38 28 6 2; 2 4; 31-7-1954
87677034; 21 42 37 3 30; 9 5; 21-10-1975
22121348; 33 18 19 28 3; 10 7; 17-5-2013
35905240; 7 34 27 33 28; 8 4; 14-3-1973
48425423; 9 10 45 33 6; 4 10; 30-1-1935
40988307; 44 5 1 4 24; 3 9; 13-6-1976
34948663; 16 32 15 22 37; 6 5; 10-6-1963
43286772; 10 8 33 3 1; 3 10; 30-10-2009
57948761; 35 23 3 6 11; 9 5; 26-2-1916
18860912; 16 36 40 23 4; 7 1; 8-4-2016
70486314; 37 36 9 41 4; 10 7; 9-10-2021
98817565; 16 49 9 45 19; 10 3; 16-7-1978
40768275; 40 16 33 21 28; 5 4; 18-3-1910
84851017; 4 15 26 43 10; 8 6; 21-8-1962
29272738; 2 31 8 49 35; 7 5; 19-7-1984
46466232; 7 1 48 26 28; 6 5; 5-11-1968
12085175; 1 30 29 45 19; 8 7; 3-9-1916
64512537; 35 22 15 47 46; 10 9; 24-2-1991
30007642; 34 49 25 3 41; 10 3; 1-2-2016
16594653; 14 11 6 31 49; 9 8; 1-3-1907
79607034; 2 45 8 32 22; 10 8; 18-12-1958
24532908; 45 36 41 38 40; 6 7; 9-6-1977
84182253; 39 23 46 31 49; 6 1; 6-6-1910
51112842; 47 16 9 32 33; 6 7; 10-12-2007
30512991; 3 5 36 4 15; 10 9; 20-3-1940
60771701; 45 34 10 2 32; 8 1; 8-2-1975
01336130; 6 37 5 42 15; 4 3; 15-4-1977
38626339; 15 12 3 17 47; 2 3; 24-7-1941
03422556; 44 6 20 21 39; 3 2; 1-9-1994
14702575; 33 37 1 28 13; 6 4; 4-8-1940
64615032; 39 37 49 12 45; 6 9; 9-4-1927
15251466; 23 15 25 18 45; 4 8; 12-10-2018
98205807; 2 11 18 45 7; 8 5; 29-6-1915
08115657; 10 36 47 1 49; 6 5; 1-9-1958
46823026; 44 19 40 8 4; 8 1; 30-12-1922
64811477; 20 46 3 32 2; 6 1; 23-6-2007
78523849; 42 32 15 35 16; 9 1; 7-5-2020
06804895; 1 24 47 28 49; 9 7; 13-3-1916
39210898; 13 23 5 21 44; 1 10; 13-3-1957
05804471; 38 24 44 11 20; 6 10; 28-6-1907
45385100; 26 11 31 43 2; 4 3; 29-1-1954
82900514; 39 15 27 48 4; 9 8; 14-12-2013
05779473; 4 45 17 20 7; 4 6; 13-3-1973
83788211; 29 17 30 9 39; 1 3; 26-7-1985
75501631; 7 1 20 36 15; 7 2; 15-4-1939
84441891; 16 30 27 6 2; 1 7; 16-1-1912
91921562; 5 26 22 12 44; 7 10; 7-4-1940
50197582; 36 33 34 17 25; 7 8; 3-5-1900
63644368; 7 21 27 14 2; 7 5; 18-10-1918
35222173; 4 46 9 45 26; 9 1; 4-6-1944
32549565; 21 24 49 11 47; 10 9; 2-3-1909
65606173; 42 47 13 35 29; 3 4; 2-6-1911
99271653; 26 48 37 21 43; 1 9; 20-8-2021
97655436; 19 35 21 45 49; 5 9; 16-12-1993
61320794; 45 41 22 6 4; 4 6; 24-4-1973
53834429; 30 35 17 1 19; 1 2; 5-2-1929
73516759; 43 38 22 6 29; 3 7; 5-10-1938
66683581; 10 47 35 12 44; 2 6; 29-6-1961
28090165; 21 19 15 1 35; 10 6; 3-9-2016
73098287; 35 15 39 22 19; 4 5; 16-6-1934
44847782; 21 45 8 37 42; 5 2; 30-3-1990
16522928; 41 7 24 45 37; 8 5; 22-11-1961
64861239; 44 9 41 34 11; 2 7; 6-1-1965
17425936; 18 43 29 40 10; 3 6; 16-6-1951
75733276; 19 40 44 48 11; 3 8; 13-1-1938
65070187; 29 35 18 43 6; 3 1; 4-11-1911
32680688; 34 18 4 28 20; 3 7; 5-2-1934
96489167; 31 27 43 21 10; 4 7; 28-6-1983
86619079; 44 29 8 16 5; 1 6; 23-8-1996
73776011; 48 26 38 47 40; 5 4; 2-10-1988
17179227; 43 15 29 48 9; 9 5; 2-7-1987
71618736; 44 46 23 36 8; 10 2; 22-9-1966
74278982; 45 41 16 24 36; 4 10; 4-6-2015
13817983; 28 22 32 25 43; 3 9; 27-1-1993
22081707; 2 7 3 25 34; 5 8; 12-11-1930
17611584; 25 44 6 40 42; 8 5; 2-9-1989
42351291; 20 48 5 2 29; 9 6; 31-5-1909
13170573; 25 1 9 42 34; 6 1; 18-8-1919
21916866; 33 23 11 4 13; 2 6; 6-8-1990
52219718; 26 1 47 42 13; 8 1; 1-8-1956
71845282; 4 15 34 32 27; 3 6; 1-9-1974
43707263; 7 34 15 44 42; 1 10; 14-4-1914
66155245; 5 13 12 10 17; 8 10; 12-2-1913
33764762; 36 19 43 49 37; 7 1; 16-3-1981
24967386; 9 49 43 11 20; 6 1; 15-10-2021
23909293; 14 37 30 41 3; 6 3; 11-9-1993
44648668; 44 40 49 32 31; 1 4; 20-7-2009
12809410; 36 8 2 12 40; 9 5; 27-4-1947
33254250; 26 43 40 27 46; 6 5; 24-2-1944
20211614; 37 26 32 43 3; 3 8; 29-1-1952
41000503; 6 28 41 8 27; 2 3; 1-1-1928
64327394; 43 37 49 48 28; 3 7; 17-4-1910
69682805; 15 44 37 47 28; 2 9; 26-5-1942
48783038; 44 38 22 33 30; 3 5; 16-5-2013
85947558; 24 42 35 12 44; 9 7; 25-4-1924
46095492; 12 23 45 11 41; 5 8; 7-6-1921
34949863; 20 30 23 10 7; 3 9; 16-12-1976
69998521; 4 27 17 25 24; 9 4; 29-1-1934
44348692; 9 26 12 44 39; 9 8; 18-1-1970
65842310; 21 33 45 7 35; 5 1; 3-6-1936
52063274; 29 47 35 10 11; 3 7; 19-9-1935
66831226; 23 24 20 9 8; 2 4; 16-9-1916
98482435; 3 21 43 41 4; 5 6; 10-2-1961
45001094; 40 2 31 22 38; 8 4; 11-10-1960
94822244; 36 33 39 27 18; 10 2; 29-10-1940
28397927; 11 25 4 27 21; 6 4; 27-12-2001
75942868; 10 27 18 22 40; 2 9; 27-9-1980
03618348; 13 2 21 18 17; 3 7; 21-11-1907
12782845; 22 15 30 16 29; 6 1; 24-9-1904
29854492; 4 2 48 31 42; 4 5; 10-10-2016
69727239; 18 15 10 7 24; 10 9; 1-3-1985
34472909; 34 15 6 12 25; 4 9; 16-10-1934
00760633; 15 40 21 14 7; 6 9; 24-6-1978
42068877; 16 17 42 20 18; 6 4; 5-11-1991
35296976; 12 14 43 13 2; 1 4; 3-12-1955
45349576; 18 7 28 38 9; 8 2; 17-1-2018
27767721; 19 41 10 8 16; 8 5; 5-2-1996
58003326; 3 31 4 21 24; 9 1; 24-10-1979
49788371; 3 2 49 23 26; 5 1; 25-12-1935
09519111; 6 26 3 41 12; 3 5; 18-9-1957
96179817; 7 42 34 8 23; 9 6; 16-1-1907
56817580; 40 28 34 6 11; 5 2; 3-9-1946
95019282; 11 25 39 42 35; 8 5; 11-1-2000
86004214; 22 41 33 21 34; 3 2; 4-4-1933
38033743; 16 36 45 25 10; 1 8; 7-12-1953
49279770; 32 3 21 9 5; 6 2; 24-12-1958
59590879; 43 15 41 10 12; 3 5; 7-7-1902
28749803; 9 20 26 37 7; 1 9; 26-8-1926
97322555; 28 22 35 19 32; 8 10; 22-6-1913
25063749; 44 46 40 47 19; 7 5; 29-11-2020
17752097; 14 8 2 30 46; 7 8; 27-5-1930
47282817; 17 12 30 7 36; 1 10; 14-5-1945
22510314; 38 42 17 39 25; 4 10; 7-12-1953
60030290; 16 15 14 7 29; 8 6; 27-2-1995
27905968; 14 4 33 8 44; 9 5; 27-3-1993
25475985; 36 20 32 7 8; 6 3; 19-1-1975
29292443; 4 1 27 26 7; 10 5; 20-12-1951
35629923; 31 36 37 16 19; 5 9; 29-6-1991
45117256; 35 16 28 22 29; 1 9; 23-4-1981
23190406; 36 21 7 29 13; 6 2; 10-1-1917
83912535; 42 5 14 43 15; 8 1; 1-7-2012
71070700; 8 47 7 41 18; 1 5; 29-4-1925
72567410; 24 12 46 47 34; 8 10; 13-5-1951
25430846; 10 30 7 32 41; 2 7; 5-11-2000
86471665; 39 44 31 24 9; 9 8; 15-3-1986
44764829; 39 1 29 20 3; 5 6; 21-11-1916
44387835; 27 25 33 46 16; 4 10; 24-3-1930
10989586; 28 32 25 1 5; 9 1; 15-4-1960
20714822; 27 45 11 8 32; 10 4; 20-11-2015
49417005; 35 38 16 42 20; 3 4; 16-1-1967
26708539; 7 12 3 25 32; 6 5; 18-5-1918
00769593; 7 46 44 28 38; 3 5; 26-7-1977
19579153; 25 15 46 16 17; 5 10; 18-2-1991
37685412; 24 15 19 42 7; 6 10; 11-6-1906
44458163; 16 10 9 2 25; 3 7; 26-7-2010
07035681; 8 11 10 19 13; 7 10; 2-12-1910
93614997; 48 49 42 26 23; 6 8; 15-6-1910
69777539; 39 48 28 47 13; 2 1; 28-4-1941
06933018; 41 5 47 36 17; 7 1; 28-4-1935
12747608; 44 31 32 23 28; 3 6; 14-7-1977
05497419; 17 13 26 34 29; 5 3; 5-9-1963
96005916; 1 43 22 31 40; 9 4; 27-4-1933
03576227; 22 5 33 19 48; 1 2; 20-12-1920
04048159; 9 41 43 42 32; 3 6; 28-9-2009
08260800; 27 21 17 37 20; 7 1; 4-5-1960
89838241; 17 46 4 29 34; 4 10; 19-9-1901
81516528; 10 27 42 31 2; 2 10; 26-11-2009
23133131; 9 17 12 36 1; 8 6; 16-6-1945
64987976; 16 29 37 7 48; 3 6; 30-6-1976
36489752; 31 45 8 16 27; 6 5; 22-2-1945
14964022; 9 40 43 6 29; 7 3; 4-3-2013
62739373; 33 5 6 11 18; 2 7; 9-6-1988
68417168; 24 39 13 2 23; 2 4; 29-3-1952
80391582; 20 26 25 39 46; 4 5; 26-2-1936
95924262; 1 34 26 12 16; 6 4; 15-9-1910
11208489; 25 5 46 15 9; 8 6; 19-7-1984
54169526; 38 47 23 28 15; 9 8; 12-5-1959
00628055; 41 14 43 45 8; 9 2; 14-5-1992
80566201; 24 47 6 12 1; 7 1; 27-11-2006
93234125; 37 49 44 25 30; 6 9; 2-5-1963
60437619; 49 28 36 37 6; 1 8; 31-7-1900
93502202; 5 35 6 10 45; 3 4; 1-5-1976
84706293; 28 30 13 25 3; 3 8; 24-3-1937
29257045; 16 42 37 27 47; 2 7; 2-5-1913
21744710; 19 21 11 5 8; 9 8; 22-10-1919
17292734; 26 22 20 38 35; 1 4; 8-9-2015
77209642; 30 24 1 9 2; 10 4; 31-12-1912
46627442; 16 48 26 49 36; 1 4; 30-5-1918
71652224; 9 48 3 33 25; 8 7; 7-8-1945
48999773; 1 23 45 4 42; 7 1; 23-9-1991
66492963; 33 49 3 20 29; 3 2; 1-1-2013
71006059; 45 26 17 5 19; 2 4; 13-5-1952
32709327; 6 7 32 47 22; 9 2; 15-4-1937
53044069; 29 5 46 44 45; 7 8; 11-6-2001
75694503; 38 2 4 13 37; 4 8; 28-7-1970
81174525; 28 19 39 36 40; 9 8; 30-12-1967
66015334; 48 39 17 37 42; 3 2; 3-3-1959
80598290; 44 40 18 1 38; 4 3; 27-2-1924
73579456; 44 18 36 16 41; 5 10; 30-9-2016
62157319; 20 7 37 49 28; 3 1; 19-3-1984
60055828; 39 33 24 19 36; 1 6; 18-1-1989
74596834; 5 3 19 41 23; 6 1; 13-12-1942
30370967; 3 47 23 30 16; 3 5; 1-2-1981
29461168; 27 29 12 41 4; 1 4; 5-6-1996
25645345; 31 9 43 41 26; 9 4; 2-6-2021
13531427; 39 13 9 25 31; 7 8; 21-9-1982
58166979; 45 38 10 1 46; 10 9; 24-2-1920
36537009; 45 24 23 1 38; 1 5; 30-1-1962
33591174; 8 12 26 36 19; 10 4; 9-2-1951
86195333; 37 46 35 19 29; 6 2; 9-3-1965
56893786; 1 19 33 30 11; 8 6; 22-8-1948
73159726; 42 35 29 32 46; 10 8; 30-5-1904
03451009; 43 29 34 27 6; 3 10; 7-12-2007
15600999; 16 46 2 35 36; 2 5; 13-12-1957
21178349; 6 9 22 44 16; 3 2; 10-4-1960
39001633; 4 12 32 8 44; 5 8; 27-1-2004
94987881; 7 44 20 9 2; 2 7; 11-9-1900
27676702; 44 19 4 48 14; 10 4; 26-5-1907
36232972; 5 21 35 19 38; 5 8; 21-4-1996
98258372; 5 30 23 25 35; 9 7; 14-4-1987
29897684; 9 30 29 34 2; 5 7; 4-11-1980
05064788; 3 22 45 31 23; 6 3; 8-7-1992
13524739; 42 29 26 9 10; 1 9; 8-11-2002
51509735; 25 8 13 26 27; 8 5; 12-12-1993
51351873; 20 17 28 44 25; 3 5; 17-7-1963
80232983; 7 43 40 30 16; 10 1; 15-9-1993
18533723; 32 27 28 38 16; 1 9; 15-8-1929
05635186; 31 15 40 49 33; 5 7; 16-6-1920
80790918; 7 49 10 45 46; 10 8; 4-4-1932
58533660; 41 37 23 29 22; 9 8; 3-8-1968
33896389; 32 45 5 49 18; 2 10; 7-12-1938
14706129; 3 47 4 23 39; 9 2; 25-5-2019
11625114; 45 30 18 7 19; 9 8; 3-11-1917
75922400; 12 27 6 43 39; 4 3; 15-6-1988
71741738; 25 27 20 2 29; 2 6; 11-7-2007
14996075; 14 19 34 32 46; 5 10; 13-3-1918
74874601; 3 35 2 16 6; 8 4; 28-3-1966
69594734; 15 11 39 45 33; 6 4; 14-7-1980
71466446; 48 9 15 37 8; 1 6; 10-12-1932
90551811; 35 17 45 1 6; 1 7; 3-4-1993
43286600; 12 24 38 43 2; 6 4; 30-6-1925
26878406; 2 24 25 22 38; 4 9; 18-3-1928
01903587; 14 36 43 5 11; 6 3; 15-6-1956
48894012; 39 2 41 4 27; 8 1; 13-11-1903
18908893; 11 19 25 17 36; 6 3; 1-2-1970
45625223; 34 29 47 18 46; 2 5; 7-12-1980
37842240; 2 5 10 17 26; 4 3; 26-4-2013
89425895; 29 17 44 27 37; 8 6; 19-12-1950
08427283; 23 6 11 15 25; 5 9; 20-3-2012
96769418; 22 39 20 19 36; 9 10; 15-6-2004
35819800; 34 10 9 19 29; 5 8; 14-10-1988
60219873; 20 33 13 1 2; 8 7; 28-10-2002
74418066; 7 30 19 11 46; 10 9; 3-7-2007
81480479; 17 25 27 20 33; 2 5; 9-5-1990
54359614; 13 33 7 39 26; 5 10; 13-10-1999
78422233; 31 25 23 33 28; 1 7; 8-11-1945
43958886; 13 6 10 24 38; 1 10; 23-8-1901
86243712; 38 7 20 25 40; 2 9; 25-10-1996
85360305; 20 2 27 6 11; 8 3; 26-9-1926
91767168; 32 34 14 40 49; 8 5; 3-11-1963
96055672; 5 23 14 26 42; 1 8; 29-7-1967
45642738; 42 29 4 44 45; 4 9; 11-7-2020
78438830; 22 28 45 16 11; 10 5; 17-10-1936
64968644; 5 9 31 27 26; 10 5; 20-2-1961
31545079; 41 1 43 13 30; 7 1; 11-2-1922
94175831; 32 25 21 41 9; 4 9; 30-10-1952
02296616; 29 40 44 8 19; 7 2; 28-6-1931
21659636; 41 40 2 49 45; 10 1; 12-12-1905
13334045; 12 34 31 45 49; 5 1; 25-11-1932
04513507; 19 37 5 12 38; 3 2; 15-4-1969
77981435; 2 46 26 19 15; 6 2; 18-7-1961
89168718; 26 40 44 18 20; 6 2; 12-3-2011
34548777; 24 43 47 46 30; 1 9; 8-4-1922
96543981; 30 1 3 40 37; 9 5; 1-7-2003
11316789; 31 13 30 28 26; 8 5; 16-1-1919
33045008; 8 22 48 10 14; 2 8; 12-5-1916
88543250; 27 40 24 1 5; 8 7; 17-11-1942
33969844; 48 42 9 15 8; 9 8; 23-12-2015
78116393; 6 19 12 13 18; 3 6; 31-10-1988
71194396; 11 34 19 20 3; 7 9; 27-1-1997
53862470; 27 45 9 47 37; 6 9; 5-6-2014
09805634; 42 20 30 31 23; 5 9; 1-2-1944
71358687; 11 29 47 5 9; 3 7; 18-4-1915
45307367; 48 30 4 35 5; 3 8; 30-4-1982
31915372; 9 46 49 43 32; 9 7; 31-10-1947
63891251; 30 7 43 42 34; 4 3; 27-6-2000
58988329; 44 12 11 30 5; 10 5; 16-8-1913
36217464; 45 5 46 26 4; 10 7; 26-7-1969
39581261; 14 34 3 26 35; 5 4; 13-8-1991
72820597; 19 37 11 29 34; 6 10; 22-4-2014
11336805; 3 9 8 37 28; 5 4; 28-6-1930
11217902; 34 27 39 48 7; 8 1; 29-4-1933
30661364; 29 6 22 8 20; 3 5; 7-2-1938
88051614; 25 35 6 36 41; 2 4; 20-5-1932
96785807; 16 39 11 8 46; 7 4; 20-10-1939
17026984; 30 36 18 31 5; 10 3; 18-4-1991
25828886; 27 32 29 14 13; 8 2; 9-7-1978
13678191; 40 37 3 42 16; 1 7; 4-12-1940
63058963; 26 16 15 9 31; 6 4; 21-3-1914
11729044; 11 9 42 21 20; 7 9; 13-6-1926
76735026; 30 29 39 27 48; 10 1; 22-7-2012
47884517; 36 1 18 11 20; 10 4; 19-5-1999
05601409; 35 20 31 42 10; 5 6; 28-6-1999
45222775; 9 35 19 21 24; 2 9; 11-5-1903
21842732; 37 47 28 34 43; 5 7; 9-7-1990
82361112; 49 6 40 25 44; 10 7; 28-6-2000
68714635; 2 6 36 12 4; 6 9; 2-12-1931
02410314; 29 49 24 18 10; 1 4; 7-1-1985
76456647; 6 14 11 29 41; 10 1; 16-10-2020
14826725; 19 20 3 44 4; 10 9; 8-5-1937
66685855; 10 3 33 36 8; 7 9; 10-4-1912
68065989; 46 37 29 36 25; 6 10; 12-11-1967
40026832; 17 1 14 12 36; 5 2; 13-2-1908
58757986; 23 1 41 6 22; 3 5; 11-9-1973
03071789; 34 17 10 22 7; 3 8; 20-6-1984
30369893; 28 45 15 29 41; 3 6; 24-2-1954
57767045; 1 4 2 19 35; 10 1; 24-1-2000
11217752; 32 28 37 31 33; 7 1; 24-7-1950
48909949; 31 43 28 3 40; 10 2; 3-10-1965
36384207; 17 42 32 7 2; 5 8; 24-7-2000
21807140; 48 11 37 18 44; 5 7; 11-2-1960
46880710; 25 28 30 46 16; 4 6; 27-2-2017
58542965; 30 48 7 26 6; 5 8; 25-5-1970
28122557; 33 45 46 12 32; 8 5; 29-11-1986
67444561; 49 26 22 8 17; 10 9; 7-4-1952
36480179; 18 10 17 21 16; 4 1; 2-4-1977
38243296; 40 42 22 45 46; 9 5; 7-11-1944
53349326; 6 7 42 46 20; 1 6; 3-2-1999
17519161; 17 46 42 26 13; 6 8; 27-3-1974
70976865; 16 27 25 37 6; 5 10; 23-8-1929
19169168; 16 4 47 25 10; 8 4; 23-2-1928
15771001; 20 42 11 3 9; 6 9; 29-7-2004
97333378; 14 34 6 13 40; 5 6; 15-1-1938
02912507; 13 24 47 2 33; 10 3; 24-8-1917
27842602; 42 43 15 17 24; 8 5; 21-9-1955
48898673; 34 20 15 47 43; 1 10; 2-8-1926
24160726; 22 34 49 11 38; 8 4; 6-6-1958
89774544; 43 48 35 28 5; 2 9; 1-1-1950
08249389; 14 48 4 41 22; 6 10; 3-3-1976
88414192; 35 7 3 18 13; 6 1; 20-1-1977
45148296; 40 7 10 23 36; 7 9; 7-8-1999
04427669; 33 44 7 43 6; 10 9; 24-10-1904
01128459; 33 44 27 17 24; 4 8; 30-4-1909
34482370; 9 6 30 33 40; 1 3; 16-4-1948
13504991; 4 31 30 24 19; 1 8; 5-1-1971
76966803; 2 46 36 40 21; 9 5; 19-7-2020
64767118; 27 42 20 7 4; 9 8; 16-12-1912
58912448; 48 3 23 40 39; 10 9; 4-2-2011
59573522; 5 18 47 17 32; 4 1; 17-9-1985
06935411; 39 19 16 25 14; 9 6; 29-5-1974
77038855; 29 1 20 47 17; 3 1; 25-9-1930
38586990; 3 22 4 37 2; 9 5; 28-6-1994
71849130; 28 21 5 1 17; 2 9; 17-6-1967
25761761; 32 8 35 15 12; 4 3; 20-6-1906
95058627; 32 19 48 22 4; 1 3; 1-6-1930
94723382; 33 3 16 45 13; 8 4; 10-8-2013
46176117; 2 6 23 21 37; 7 1; 31-8-1953
40241041; 24 19 13 5 49; 8 9; 29-1-1977
58976658; 13 4 8 14 35; 1 5; 7-12-1904
16961034; 20 21 31 14 26; 5 2; 12-7-1935
45656883; 45 27 42 10 33; 6 2; 21-9-1939
44418151; 22 46 17 9 39; 7 2; 19-10-1915
76848576; 36 46 47 40 45; 10 5; 29-4-1924
47251946; 30 28 43 19 21; 10 9; 10-7-1914
82266621; 45 26 12 48 49; 4 7; 19-2-1940
17436258; 1 10 22 12 5; 3 8; 22-2-1924
10392480; 23 3 40 13 26; 2 10; 9-2-2019
40755969; 47 45 9 20 15; 8 2; 21-12-1946
02127558; 1 35 20 9 17; 9 7; 16-2-1900
55991843; 28 30 25 46 4; 8 9; 15-10-2011
96579792; 31 45 5 20 23; 10 1; 18-1-1927
14755240; 35 39 23 43 3; 3 7; 1-10-1977
23287877; 22 12 24 11 17; 6 5; 2-10-1985
35221922; 29 41 47 42 10; 8 10; 6-2-1986
15434466; 18 7 12 2 34; 1 5; 17-9-2012
35409475; 8 19 28 47 7; 3 6; 16-7-1942
40967784; 48 7 8 23 14; 5 9; 4-11-1981
25174836; 37 48 9 32 34; 6 8; 14-9-1935
79054015; 26 41 1 9 18; 8 7; 27-2-1924
32881754; 37 33 45 41 17; 6 9; 27-9-1929
86355748; 27 1 36 28 42; 6 4; 28-7-1961
97816314; 42 47 23 29 16; 1 2; 11-8-1942
14103520; 47 1 8 30 7; 10 5; 14-2-1935
93857277; 18 24 33 46 42; 7 3; 21-8-1905
91453134; 44 14 35 45 10; 2 6; 12-11-1926
31900072; 9 10 28 20 41; 5 7; 20-3-1979
32725047; 42 20 45 46 21; 2 9; 9-2-1972
95789130; 45 48 37 1 11; 6 4; 28-4-1909
59424760; 4 29 43 44 14; 5 3; 1-6-1955
97054899; 48 13 20 36 18; 6 3; 20-3-1998
94044691; 7 36 28 1 23; 6 8; 21-9-1900
90998368; 49 8 40 5 45; 8 10; 29-12-1921
03333006; 43 12 39 20 29; 6 9; 14-6-1910
45644276; 8 15 16 21 3; 10 1; 10-8-2021
04943791; 44 49 11 5 10; 4 6; 12-6-1905
76952183; 33 7 24 42 49; 2 9; 14-7-1917
11391404; 16 13 26 18 44; 10 7; 10-12-1914
95506869; 29 8 18 21 43; 9 10; 5-11-1971
50978373; 27 35 22 45 32; 9 4; 28-6-1957
12180665; 12 25 15 43 36; 7 9; 14-9-1962
50097696; 49 1 21 31 22; 5 8; 17-5-1920
65024437; 31 22 44 48 34; 7 5; 29-6-1967
99183791; 5 39 25 40 28; 1 2; 13-9-1949
20297566; 22 37 47 15 18; 1 4; 9-7-1903
07863385; 31 6 33 4 36; 2 8; 19-6-1952
52043033; 30 5 33 1 45; 1 2; 19-5-1963
49955800; 34 45 7 37 44; 2 1; 8-2-2013
64373239; 9 34 45 37 16; 5 7; 30-8-1977
34798516; 20 18 42 29 38; 8 7; 3-6-2015
81114189; 35 37 30 49 39; 8 3; 1-2-1977
96031240; 34 36 30 18 31; 9 1; 4-1-1937
03124111; 20 19 2 5 36; 10 7; 14-6-1979
80297016; 15 17 16 4 49; 1 5; 27-3-1926
76970576; 1 10 46 27 18; 6 1; 7-2-1919
45482285; 34 9 1 25 2; 10 7; 24-5-1914
89946710; 38 25 34 40 9; 7 2; 6-6-1945
03259410; 2 7 38 18 37; 6 1; 19-1-1957
39631695; 33 23 34 17 18; 5 10; 7-9-1952
27058599; 1 9 18 2 3; 10 2; 9-3-1957
83242303; 34 8 14 27 48; 1 5; 10-8-2004
75233612; 9 1 15 17 23; 4 10; 10-2-1922
49660825; 47 32 41 48 25; 6 4; 27-11-1917
20034220; 44 12 11 38 46; 6 10; 5-2-1953
25948272; 36 10 16 14 48; 4 1; 4-11-1915
80350743; 27 15 21 5 4; 2 5; 7-5-1954
17138768; 14 48 42 12 37; 8 7; 8-10-1904
71017940; 20 10 35 16 6; 7 4; 30-10-2002
23172703; 4 23 19 34 29; 10 6; 18-6-1913
63201555; 8 27 45 21 26; 10 3; 29-4-1972
