45232117; 10 3 27 37 7; 10 2; 4-8-1903
80100536; 26 7 47 6 13; 7 10; 29-1-1916
26774273; 31 28 27 34 29; 8 5; 22-1-2021
75852647; 42 33 40 23 15; 4 6; 20-11-2018
86944690; 25 35 10 26 40; 2 10; 16-7-1921
15527771; 20 19 31 6 13; 3 10; 5-7-1981
68303371; 2 21 23 11 37; 5 3; 11-5-1958
59310461; 3 13 22 33 8; 7 4; 9-10-1980
87455685; 8 34 9 32 22; 10 5; 26-3-1920
52758503; 34 10 11 4 45; 10 6; 26-8-1957
41711179; 14 48 36 4 43; 9 5; 20-12-1985
94485093; 18 47 7 11 15; 4 1; 3-6-1949
19180354; 34 7 17 48 3; 8 2; 14-1-1919
68089494; 49 5 43 23 14; 7 4; 8-10-1943
95139775; 15 1 46 25 45; 9 7; 9-7-1938
82856130; 42 15 34 41 18; 4 9; 20-10-1976
57921390; 31 27 35 12 40; 5 7; 20-5-1995
94350625; 31 1 13 41 44; 9 4; 30-3-1952
98848476; 21 13 25 28 32; 8 6; 29-9-1997
44571949; 33 38 27 24 16; 7 9; 4-4-1938
14172141; 43 37 48 6 11; 10 2; 30-6-1931
85664502; 48 16 18 29 9; 1 4; 21-4-1999
38487945; 11 17 45 2 1; 3 10; 5-5-1905
35610436; 40 37 13 20 1; 1 5; 27-5-1940
75131823; 42 41 37 48 11; 1 10; 11-3-1910
33118326; 2 40 25 32 17; 9 6; 9-3-1912
54118481; 4 35 12 32 3; 3 6; 28-6-1901
44738891; 18 35 1 24 33; 4 2; 26-1-1911
64550074; 40 24 32 1 48; 6 2; 2-5-2014
56562086; 49 15 37 3 44; 8 9; 17-2-1922
50443162; 24 3 14 10 31; 2 3; 25-8-1984
31278094; 4 22 21 37 19; 2 3; 9-10-1992
26678596; 43 13 47 42 22; 4 5; 13-1-1949
05651648; 3 29 23 28 13; 4 5; 16-7-1940
01401987; 38 4 31 40 11; 9 1; 30-8-2016
41155745; 17 14 29 9 2; 7 8; 23-11-2010
76972253; 46 15 25 35 18; 4 7; 16-4-1911
23686203; 7 15 17 32 33; 2 7; 8-6-1935
28153977; 26 47 5 45 29; 6 2; 24-3-2015
80578063; 27 39 42 3 36; 3 4; 4-5-2010
71440939; 41 43 10 33 49; 3 5; 26-10-1938
85136110; 38 29 46 37 6; 3 1; 29-9-1930
21964392; 43 45 15 17 1; 7 10; 25-10-1960
62392777; 49 7 28 3 12; 2 7; 7-3-1906
03102963; 16 11 26 15 2; 2 1; 3-4-2005
31857390; 32 9 48 25 40; 7 8; 13-8-1917
12872007; 4 41 16 43 6; 3 8; 28-9-1976
04530106; 37 31 9 2 24; 6 3; 4-2-1935
18039522; 44 33 43 35 11; 9 1; 28-11-1972
21643749; 36 15 31 28 23; 8 2; 23-8-1938
42099608; 8 42 20 31 15; 3 5; 28-6-1957
90312382; 28 43 32 14 49; 4 7; 5-11-2001
13344961; 18 1 22 7 3; 9 6; 20-8-1969
73388857; 40 23 27 45 44; 3 5; 19-9-2010
04734454; 21 45 28 7 19; 2 1; 30-9-1960
52355121; 36 38 18 8 5; 4 10; 31-10-2021
96600792; 41 1 6 49 38; 7 5; 31-10-1980
57743174; 10 41 8 17 25; 6 10; 15-7-2020
24654428; 28 10 15 43 6; 3 10; 28-4-2021
12511992; 2 39 40 30 3; 7 9; 23-12-2021
37833521; 31 47 20 15 19; 8 5; 16-1-1962
83966721; 2 15 43 5 4; 8 5; 10-7-1905
40838398; 12 42 18 14 34; 2 4; 9-4-1912
93010746; 45 3 46 15 33; 8 1; 21-6-1976
53941607; 24 42 36 3 22; 8 2; 28-5-1901
58513153; 22 23 8 12 49; 1 9; 6-4-2009
55502893; 40 20 38 6 49; 1 2; 1-1-1900
99821419; 33 39 10 37 35; 5 8; 1-1-2011
98950516; 27 46 33 18 25; 5 8; 19-1-1965
79835179; 29 20 39 19 6; 10 9; 5-11-1905
79292081; 10 48 7 18 44; 9 6; 12-3-1969
28658616; 43 45 41 36 47; 4 1; 10-10-1934
49528790; 8 3 37 10 2; 7 5; 11-2-1968
49764426; 26 22 29 5 42; 3 5; 9-9-1905
67908993; 43 9 20 34 49; 9 4; 3-11-1971
44143383; 5 24 49 2 14; 7 6; 16-2-1975
17731809; 15 46 18 25 6; 4 10; 18-11-1972
65381239; 21 47 40 23 8; 1 10; 7-4-1930
28572769; 12 33 22 20 18; 2 3; 20-3-1911
88281106; 48 25 43 33 39; 10 7; 5-5-2015
24384201; 2 22 5 8 14; 4 5; 12-10-2012
82576838; 28 13 27 3 40; 9 8; 12-10-1962
43645730; 6 15 20 44 42; 9 5; 3-1-1930
30465443; 14 40 34 49 6; 2 3; 13-9-1968
19504256; 42 10 14 19 24; 3 4; 7-5-1986
62961766; 46 28 21 22 18; 10 7; 16-12-1938
90201709; 26 47 27 15 8; 7 2; 13-1-1992
41560968; 7 39 35 1 26; 3 2; 17-3-1978
80923413; 11 28 13 10 35; 8 1; 6-9-2009
33452253; 46 14 27 35 11; 1 10; 6-9-1981
93433296; 41 43 25 27 7; 7 6; 19-8-1900
59052719; 13 49 39 35 29; 4 2; 7-12-1959
62712641; 32 15 9 24 41; 3 5; 28-4-2014
56263968; 10 9 48 23 21; 8 10; 5-3-1957
64962217; 16 44 36 43 35; 10 4; 29-1-2004
60341396; 39 4 40 33 20; 9 8; 2-6-1999
82306812; 44 27 35 30 47; 2 1; 30-3-2020
60327560; 28 42 4 37 44; 5 3; 14-11-1997
58448856; 49 9 13 16 1; 2 4; 1-12-1953
94081047; 28 17 1 19 27; 3 7; 26-6-2005
67926399; 27 15 16 14 11; 2 1; 23-12-1986
06595692; 7 35 10 26 46; 9 10; 30-1-1947
71386643; 25 32 36 4 45; 6 2; 2-3-1986
73161772; 30 41 7 8 42; 8 9; 19-3-1992
72183354; 7 44 24 11 48; 5 2; 7-9-1906
09442130; 37 42 49 11 25; 1 6; 22-5-1933
60369206; 39 40 19 24 22; 4 3; 23-11-2004
41573413; 40 49 23 12 48; 4 9; 5-7-2010
65976032; 27 35 16 14 28; 8 9; 31-12-1922
63614797; 31 26 17 48 3; 4 6; 11-3-1924
89851746; 28 23 5 34 43; 4 6; 22-6-2006
85050777; 48 43 39 3 18; 6 8; 2-10-1909
66903452; 49 13 34 37 24; 6 9; 22-8-1985
16550594; 12 8 36 16 7; 1 9; 13-2-2012
12805492; 17 9 28 6 26; 8 6; 31-5-1977
99012935; 42 47 5 12 7; 9 10; 18-2-1903
85880221; 18 3 36 38 15; 2 3; 15-10-1909
49180515; 8 36 34 10 20; 2 4; 26-2-1989
44093780; 40 14 6 46 49; 8 7; 17-3-1935
71173391; 45 31 39 46 14; 6 9; 1-7-1925
27116985; 18 44 36 6 16; 5 10; 18-9-1967
30313208; 33 26 47 40 49; 10 6; 26-6-1961
69159462; 19 9 25 37 20; 2 8; 15-10-1922
64920493; 46 41 31 8 9; 4 9; 27-1-2003
68108271; 41 48 37 5 3; 10 5; 21-6-1970
22972126; 42 26 47 36 23; 6 9; 16-5-2013
49211194; 25 21 15 28 36; 5 1; 31-8-2007
49882546; 32 46 43 26 39; 4 1; 14-11-1930
03885715; 27 35 46 49 1; 5 8; 26-5-1908
40799790; 37 48 45 6 9; 10 3; 19-6-1945
26337355; 31 11 7 14 44; 5 3; 17-7-1962
64344515; 31 47 6 21 8; 10 9; 25-11-2003
49201639; 29 26 32 28 45; 4 10; 2-6-1998
70622182; 11 2 43 23 10; 2 7; 25-11-1939
23636293; 1 33 36 17 15; 9 2; 10-5-1995
81860557; 30 15 47 3 35; 9 10; 15-2-2016
34869694; 34 37 3 6 47; 5 6; 14-11-1902
79804714; 45 7 30 8 16; 10 6; 21-1-1953
25695338; 47 17 34 21 46; 10 7; 28-3-1911
03464322; 45 46 39 12 7; 4 7; 23-9-1936
65840942; 7 24 2 45 39; 6 3; 17-8-2011
26682396; 13 31 44 39 10; 8 10; 30-11-1999
42916597; 40 8 18 21 22; 5 4; 12-10-1954
67836117; 20 35 39 30 24; 9 7; 12-3-1933
81524178; 27 42 4 5 16; 7 9; 24-2-1972
56819082; 46 34 1 47 7; 3 1; 27-1-1967
12031131; 37 29 42 45 11; 5 3; 19-6-1972
08277732; 24 38 47 1 27; 2 1; 3-10-2011
55617313; 35 4 14 20 33; 7 2; 17-8-2012
66471024; 8 12 39 5 10; 8 5; 28-1-1925
55600383; 29 30 40 16 35; 4 6; 26-6-1929
07791944; 32 27 19 6 37; 9 7; 15-8-1922
12633616; 19 26 11 16 29; 6 8; 25-10-1909
59921421; 45 25 18 48 32; 4 8; 28-9-1999
21222482; 46 3 41 26 8; 1 3; 10-6-1925
90486261; 31 21 4 29 26; 6 1; 20-2-1909
27907217; 11 17 15 47 6; 9 7; 13-11-1969
47272140; 48 27 39 42 43; 7 10; 3-12-1975
52485573; 12 1 10 31 34; 3 1; 24-10-1969
18525104; 24 38 29 12 17; 4 7; 6-10-1949
14299644; 3 13 14 12 17; 2 7; 24-3-2002
73994880; 12 41 42 33 27; 5 8; 15-1-1905
90915301; 17 40 37 25 39; 2 1; 30-9-2002
34889620; 12 41 36 17 48; 6 10; 10-7-1948
93138008; 36 11 17 15 47; 5 4; 26-1-2017
39409539; 46 40 7 30 16; 7 8; 5-5-1947
77145620; 44 27 47 30 10; 9 3; 28-6-1972
56950919; 11 8 24 39 27; 4 1; 7-11-1983
88271536; 45 2 47 8 34; 7 2; 16-9-1938
67612434; 31 26 45 41 2; 1 10; 27-5-1941
45200783; 38 24 6 31 2; 7 1; 12-2-1915
43936400; 6 42 34 22 11; 3 6; 12-4-1900
96069363; 25 23 40 11 9; 2 7; 25-10-1961
53291800; 33 40 32 43 34; 3 4; 8-6-1905
70022286; 36 20 42 22 32; 7 3; 21-10-2015
67214685; 47 32 1 35 7; 8 9; 15-1-1979
92821010; 32 16 40 18 12; 7 4; 23-6-2014
59814618; 32 35 48 24 29; 6 2; 16-2-1942
05563455; 48 10 18 20 40; 9 10; 13-9-1927
55016730; 1 23 40 16 47; 10 6; 9-10-1974
99278746; 32 24 49 46 22; 1 10; 13-11-1933
26698769; 26 15 31 13 32; 6 4; 18-3-1904
77310722; 28 49 36 7 2; 6 4; 18-12-1936
00146369; 20 17 13 44 15; 10 7; 18-7-1964
71164022; 42 25 8 32 15; 5 7; 17-11-1925
24280710; 26 5 4 17 30; 8 9; 3-6-2002
92138704; 8 6 13 22 41; 6 5; 23-9-1971
53043158; 38 31 29 9 43; 8 9; 3-4-2015
51617975; 25 1 21 28 5; 10 4; 11-6-1913
54167772; 37 3 39 27 8; 10 1; 13-7-1971
54635276; 20 14 16 25 11; 4 7; 29-4-1975
59788663; 8 27 37 7 47; 1 10; 11-8-1911
54685186; 48 29 46 21 17; 5 10; 29-7-1988
44828265; 30 4 31 38 9; 3 4; 16-4-1969
29194573; 24 34 45 5 15; 8 2; 4-6-1926
81355017; 15 38 16 25 31; 5 8; 14-11-1976
45780105; 13 33 24 29 3; 8 3; 3-8-1918
33407287; 33 44 7 30 23; 8 1; 30-11-1994
57683842; 36 29 3 44 34; 7 6; 31-12-1965
77827318; 30 19 27 12 8; 10 7; 2-3-1920
68559548; 9 28 14 19 10; 5 10; 31-10-1943
69898327; 26 31 29 36 47; 1 2; 23-1-1935
08702375; 24 18 15 7 31; 5 2; 15-1-1943
98591295; 6 31 41 3 35; 9 4; 2-12-1914
82450581; 19 15 33 13 38; 10 6; 15-9-1988
38099395; 10 46 30 39 2; 3 10; 26-11-2000
50295571; 25 19 43 46 41; 3 5; 8-9-1929
52184891; 40 19 24 6 46; 2 7; 12-7-1961
21248814; 47 41 9 45 35; 7 4; 6-2-1999
24460381; 41 25 48 16 45; 2 6; 25-10-1970
17629334; 40 17 14 21 48; 3 2; 21-5-1936
46475927; 19 31 33 15 43; 6 5; 29-7-2014
61129510; 7 12 26 31 23; 9 7; 2-12-1937
62894211; 33 45 7 32 17; 7 10; 27-7-1904
42154000; 39 38 18 17 47; 1 7; 29-9-1900
49747164; 4 49 41 24 33; 9 8; 7-1-1969
60887310; 31 24 33 13 5; 2 7; 17-8-2005
15194067; 47 42 15 4 20; 3 5; 9-8-2009
41511288; 6 8 4 32 30; 2 10; 18-9-1971
21268573; 7 34 18 43 14; 6 1; 27-7-1962
09960112; 11 41 48 28 37; 1 5; 23-4-1937
68987018; 32 25 33 7 22; 7 2; 17-3-1964
85303249; 39 35 32 44 40; 7 5; 26-10-1926
14394560; 40 18 1 37 12; 2 1; 30-7-1911
06240734; 46 27 15 49 29; 2 9; 27-2-1969
04882667; 43 32 15 48 10; 3 4; 5-1-1968
17197861; 15 33 45 32 31; 6 8; 18-7-1911
66163164; 6 36 12 13 8; 5 9; 15-11-1972
10306764; 4 44 17 8 27; 7 10; 6-7-2000
52080782; 30 43 11 29 31; 9 3; 11-5-1915
94950953; 20 19 10 9 48; 3 5; 30-1-1922
47644427; 29 11 35 13 46; 2 3; 6-12-1912
00267668; 42 20 6 3 24; 5 9; 14-11-1970
73637912; 1 16 20 14 4; 4 2; 23-11-1977
28355694; 40 44 17 36 37; 6 4; 18-5-1997
73339096; 30 17 47 18 36; 10 5; 29-4-1969
74424264; 5 42 22 34 12; 6 4; 10-10-1986
26220988; 9 23 21 28 32; 5 10; 27-1-1925
88115790; 34 32 30 20 44; 8 7; 27-3-1985
95514706; 24 19 46 8 47; 10 3; 16-9-1925
50883279; 38 43 16 10 4; 5 6; 19-10-1931
90750783; 9 27 23 48 17; 2 6; 9-4-2011
59935833; 14 17 6 29 40; 3 6; 12-1-1969
61131475; 14 9 36 2 3; 1 3; 14-8-1933
20193632; 12 2 36 49 27; 2 9; 8-9-1948
22933406; 37 22 9 7 23; 5 8; 8-11-1975
89875968; 2 20 27 8 22; 5 1; 18-10-1903
30222267; 10 37 47 20 38; 10 2; 3-12-2000
31006559; 31 14 37 45 15; 8 1; 30-10-1950
95808249; 25 12 44 22 38; 2 5; 23-1-2003
15632314; 23 33 20 9 25; 7 3; 25-3-1944
35863893; 19 22 3 27 30; 8 2; 10-6-1977
47593100; 23 34 39 13 31; 10 9; 2-12-1952
58838537; 43 21 31 14 2; 1 3; 26-4-1985
07649629; 25 31 19 45 27; 9 6; 21-12-1906
25719790; 30 26 25 41 31; 6 4; 10-6-1923
77041709; 49 10 37 8 34; 4 8; 4-4-1930
15231119; 16 31 25 40 4; 8 3; 23-1-2000
12893775; 35 45 42 26 40; 1 8; 4-11-1995
64146427; 48 49 4 42 22; 7 5; 10-7-1939
26545026; 23 49 11 8 44; 8 6; 7-12-1914
94821519; 9 13 20 7 3; 3 9; 7-6-1930
28194445; 41 8 2 38 20; 6 9; 9-12-1992
05786746; 13 30 34 17 1; 8 4; 18-8-1966
21764516; 49 28 1 15 45; 6 2; 12-2-1902
64426698; 24 42 22 48 5; 5 1; 21-3-1986
85949798; 43 16 49 10 36; 5 2; 24-3-2008
89604562; 49 32 24 46 30; 1 6; 15-2-1990
01144304; 16 49 17 33 34; 10 8; 7-4-1938
91787237; 12 43 8 28 30; 4 2; 25-6-1965
63600128; 21 18 6 40 14; 7 1; 13-9-2011
34560677; 43 39 19 49 21; 5 4; 3-2-2012
43907221; 39 41 47 29 13; 3 7; 6-12-1931
95892872; 14 31 12 34 40; 3 7; 24-11-2016
18216407; 21 20 40 3 37; 10 5; 30-8-1915
05489507; 18 42 15 43 44; 5 2; 8-11-1983
33988792; 32 22 40 42 7; 4 6; 26-1-1974
33980571; 10 40 27 5 12; 9 3; 30-12-1966
68957653; 42 49 19 7 29; 7 10; 15-4-1917
85599664; 41 38 2 26 29; 8 9; 14-4-1914
46157035; 13 21 45 46 41; 8 10; 5-5-2002
63996187; 26 28 37 14 2; 10 5; 25-5-1938
67691846; 24 37 49 6 17; 4 10; 19-8-1948
73458555; 11 48 26 19 42; 2 4; 20-6-1932
34566377; 45 9 34 12 25; 1 6; 22-9-1933
99520448; 7 10 26 22 28; 1 8; 31-7-1982
84873349; 47 9 33 7 38; 6 7; 5-6-1917
22426567; 4 40 2 43 41; 7 9; 4-7-1956
64183574; 33 14 22 42 46; 9 4; 20-1-1967
22616854; 32 48 19 20 28; 8 1; 11-3-1961
15179647; 31 48 18 15 41; 4 1; 19-7-1946
65201889; 32 17 43 10 9; 8 6; 6-11-1918
58195351; 1 12 49 44 26; 1 2; 24-5-1986
34687194; 14 46 27 42 37; 4 7; 16-7-2017
34651136; 12 45 24 10 40; 8 4; 1-9-2009
30687624; 39 16 4 13 6; 3 4; 6-3-1921
20218701; 30 7 25 3 38; 8 4; 15-3-1920
21201334; 23 34 10 9 5; 8 6; 11-3-1979
26088787; 9 48 33 32 46; 6 8; 8-1-2010
11292116; 49 1 3 38 33; 1 5; 2-8-1926
20713343; 22 48 23 45 47; 7 4; 21-9-1958
32175048; 43 14 26 40 49; 4 3; 25-10-1921
56902999; 43 7 36 11 49; 5 10; 18-2-1957
06752690; 24 40 3 41 11; 7 10; 7-4-1944
34318256; 34 16 49 38 30; 5 8; 27-12-1941
61410196; 38 23 40 22 49; 2 10; 17-9-1974
77448069; 22 12 43 5 48; 2 10; 9-4-1981
18870367; 8 42 41 27 15; 8 3; 9-10-2009
49931584; 23 45 40 20 25; 2 10; 20-4-1932
19330052; 41 22 28 39 18; 5 6; 9-5-1997
31498953; 40 24 15 31 28; 4 1; 8-3-1940
60535574; 25 32 14 37 9; 10 7; 8-9-2021
16748622; 45 34 2 39 5; 2 9; 27-8-1942
93997177; 30 15 12 25 39; 1 6; 14-5-1954
94404802; 9 47 21 37 44; 8 4; 20-5-1985
16605455; 27 24 26 22 10; 1 2; 1-12-1963
41354058; 3 12 43 10 13; 3 1; 8-9-1985
85313066; 30 18 38 34 17; 10 8; 25-2-1949
49993936; 44 29 35 37 43; 4 3; 13-8-1977
84390473; 32 4 20 36 45; 3 8; 17-12-1903
42874565; 34 9 17 4 45; 10 6; 13-4-1936
10568982; 31 30 9 26 44; 8 4; 6-7-1951
17868425; 14 31 26 21 8; 5 7; 1-8-1937
26072588; 36 45 35 41 39; 2 9; 13-2-1982
75647286; 34 26 20 15 8; 7 3; 24-1-1940
23520892; 9 8 35 26 48; 9 4; 26-4-1910
01775459; 39 27 48 3 46; 2 8; 17-4-1980
24271046; 44 47 48 43 22; 5 8; 7-5-2006
36869788; 16 38 15 14 35; 3 4; 9-5-1968
83946405; 20 43 13 2 44; 9 5; 8-2-2017
48856789; 20 19 26 21 30; 5 10; 17-6-1907
00891305; 43 5 20 22 8; 4 9; 14-4-1985
55628545; 1 49 30 36 18; 3 2; 11-8-1904
84830033; 29 12 37 1 39; 8 3; 21-9-1969
86345306; 4 37 12 43 9; 3 1; 28-12-1931
35813463; 49 17 25 3 5; 9 1; 6-8-1944
87742150; 6 35 11 20 38; 7 4; 28-10-1912
02224723; 21 39 43 1 45; 10 7; 10-1-1940
29752072; 36 26 5 38 9; 10 1; 3-2-2021
63683897; 25 45 17 11 23; 2 7; 12-11-2015
01932901; 24 20 46 33 26; 1 9; 11-8-1930
96065541; 10 40 11 20 14; 3 2; 13-8-1915
34973433; 27 8 36 30 37; 8 3; 30-4-1969
14752089; 29 40 1 32 2; 10 9; 10-7-1990
02810475; 2 15 16 29 39; 1 6; 4-2-1980
70568845; 41 4 33 34 44; 9 1; 18-8-1919
87081935; 5 27 37 2 15; 2 4; 13-5-1994
42385427; 26 46 40 5 21; 10 1; 20-5-1913
76036986; 19 44 24 49 31; 4 1; 21-4-1908
31867210; 38 14 17 19 36; 4 10; 23-11-1990
90531564; 29 7 16 23 24; 1 4; 17-2-1946
91736365; 7 49 6 24 4; 8 4; 28-7-1994
32190007; 46 17 43 24 32; 4 10; 28-6-1905
06665971; 29 38 21 2 18; 1 6; 3-3-2001
89160214; 44 11 43 23 20; 6 9; 14-4-1911
58008126; 13 29 37 31 3; 10 2; 26-8-2008
22770880; 9 20 3 19 4; 2 3; 21-4-2000
55246570; 33 41 20 42 39; 3 8; 22-2-1919
09593229; 29 49 44 2 12; 5 9; 26-11-1950
44585342; 43 48 33 21 20; 5 3; 1-7-2000
96876200; 20 22 6 41 21; 1 7; 28-8-2009
04701979; 12 14 22 43 6; 7 3; 23-1-1998
29826235; 41 2 39 6 42; 5 4; 17-3-1918
74137672; 39 26 33 44 47; 10 7; 10-7-1973
59618331; 35 14 23 36 5; 8 6; 11-10-2014
68601784; 45 46 17 4 21; 7 1; 17-7-2013
16036789; 27 43 23 15 32; 8 7; 26-5-1916
99160526; 41 26 13 15 5; 4 10; 29-12-1998
69521249; 14 44 9 10 29; 1 9; 29-9-1940
03000243; 12 4 19 34 18; 2 10; 11-7-1950
62521898; 6 42 29 41 27; 2 8; 30-1-1970
22093603; 46 24 15 5 13; 5 8; 16-3-2020
02357896; 9 31 8 19 43; 2 5; 25-6-1984
53891387; 20 49 37 43 6; 1 10; 22-2-1979
63640767; 12 44 36 47 27; 4 10; 25-1-1955
49069052; 46 15 48 16 18; 10 3; 20-1-1949
12661472; 10 37 31 13 43; 8 5; 23-1-1913
52509614; 15 39 43 37 9; 2 6; 28-12-1926
20041651; 30 6 17 26 24; 9 3; 29-11-1958
19740013; 46 23 41 16 8; 3 9; 26-9-1928
88262027; 8 13 42 28 16; 6 5; 3-3-1942
58297867; 37 4 20 33 27; 3 10; 4-3-1942
05870830; 21 2 48 31 25; 10 9; 17-12-1902
10271622; 10 33 21 18 40; 4 8; 25-3-1948
81485021; 29 35 45 42 43; 4 7; 11-7-1931
45428728; 31 8 1 37 40; 6 5; 27-12-1962
54809700; 18 46 31 41 25; 8 9; 27-12-1914
14784843; 37 1 24 31 18; 7 9; 28-2-2007
89814250; 8 5 49 16 38; 3 2; 13-12-1951
03379400; 13 45 12 16 24; 6 7; 4-7-1908
29099062; 2 20 26 47 7; 6 3; 30-1-1928
62035712; 33 29 4 14 2; 7 6; 8-9-1901
17310047; 4 21 42 1 7; 10 9; 6-1-1946
20329992; 19 23 27 36 21; 4 1; 27-4-1929
19309879; 13 11 10 39 20; 9 4; 27-8-1956
52186893; 39 31 42 35 34; 5 8; 27-12-1990
58571532; 1 7 32 4 39; 4 8; 19-8-2001
89873013; 35 20 14 34 46; 1 3; 25-2-2018
91005661; 44 6 26 23 15; 1 4; 23-6-1974
05900228; 34 28 14 24 18; 3 4; 19-7-1986
26189911; 35 17 31 4 40; 4 2; 15-12-1955
77910897; 9 11 35 41 4; 5 3; 15-5-1954
37280899; 48 43 25 8 18; 6 10; 6-4-1962
60125867; 17 25 21 3 31; 7 10; 13-11-1923
70124576; 2 13 31 9 30; 2 10; 30-3-1969
19311882; 18 7 42 13 34; 5 9; 2-2-1901
57692715; 37 4 48 30 23; 10 5; 11-10-2015
83962324; 21 10 27 49 15; 9 2; 15-9-1961
56047764; 6 25 1 49 21; 2 4; 28-2-1993
09152611; 40 35 49 48 10; 10 9; 18-6-1997
30873722; 6 32 40 9 13; 8 1; 15-8-1917
76162048; 27 22 23 35 43; 8 3; 26-6-1904
06993269; 43 23 40 30 10; 10 2; 27-2-1916
42903428; 46 44 28 16 22; 10 6; 29-4-1905
57197121; 48 17 49 12 34; 4 10; 29-7-1919
08235315; 26 19 44 21 20; 7 8; 10-12-1985
98450579; 49 47 48 21 27; 3 8; 11-1-1904
88117708; 17 35 4 16 32; 10 1; 13-2-2000
43739356; 43 35 27 3 12; 3 8; 10-6-1970
34368848; 33 47 32 26 45; 7 8; 28-1-1903
19656520; 14 13 43 3 37; 7 5; 12-4-1908
05889562; 33 48 31 29 46; 9 8; 12-11-1949
94821380; 44 45 29 24 46; 9 7; 5-8-1927
98788765; 40 39 15 33 29; 9 10; 8-6-1928
88036682; 43 21 44 24 22; 6 8; 4-10-1942
78555287; 7 37 9 38 11; 10 4; 28-6-2013
37522003; 14 8 7 4 27; 9 8; 7-10-1904
71085585; 45 19 1 7 16; 9 10; 20-4-1943
47612879; 17 41 40 26 44; 1 6; 10-8-1962
55251632; 49 31 12 16 2; 7 5; 25-7-1943
24654776; 9 32 25 13 48; 5 2; 15-6-1984
86119247; 14 39 5 17 13; 2 1; 4-9-1951
78154080; 25 29 17 16 30; 9 7; 14-2-1951
70099232; 19 23 13 45 8; 10 9; 23-7-1971
59879405; 32 35 15 14 27; 8 7; 13-10-2017
59542429; 1 5 17 47 16; 7 9; 3-6-1989
73951377; 36 45 41 33 19; 6 2; 27-7-1911
63213256; 45 32 41 3 47; 3 7; 5-4-2006
80482091; 40 6 36 41 47; 10 3; 8-6-1961
66930540; 8 32 49 41 26; 1 4; 7-3-1914
93921304; 15 32 23 17 19; 9 1; 9-11-2006
13406449; 6 26 17 19 13; 1 4; 20-4-1923
48009987; 25 12 7 6 23; 7 1; 11-6-1991
82815670; 4 25 14 20 48; 8 7; 16-10-1935
11628476; 20 36 33 35 29; 1 2; 24-5-1990
66632224; 49 47 13 37 10; 4 7; 26-2-1913
12458671; 12 43 20 31 22; 2 5; 27-4-2002
77219326; 38 19 5 24 30; 5 8; 8-1-1909
72887225; 44 49 7 12 3; 2 4; 15-2-1920
36050010; 23 31 44 27 28; 5 9; 4-10-2001
38868166; 11 23 7 17 42; 4 5; 12-2-1929
31344611; 31 32 17 23 2; 9 2; 8-3-1911
46005851; 20 34 2 46 39; 10 1; 17-7-2021
82553305; 18 37 9 42 36; 5 3; 6-11-1974
34594411; 6 37 40 16 38; 9 6; 8-9-1961
78568580; 20 4 34 41 24; 7 4; 27-2-1931
17584971; 23 39 24 25 2; 1 9; 3-5-1948
65064738; 6 47 32 18 37; 4 7; 19-7-1999
44031359; 20 33 43 48 18; 10 9; 9-3-1979
20923585; 46 6 29 13 37; 5 10; 31-3-1918
01590784; 38 11 44 16 23; 2 10; 7-11-1967
53120386; 39 16 31 4 32; 10 3; 4-1-1974
07548043; 36 11 39 8 5; 5 3; 23-3-1943
07635674; 21 8 43 40 26; 8 3; 22-10-1988
60815277; 6 14 33 38 25; 9 8; 22-10-2018
20497021; 5 39 34 38 26; 7 5; 3-10-1900
76596587; 20 4 25 37 23; 5 7; 1-3-2001
83296088; 47 24 27 32 23; 5 3; 23-11-2010
72143662; 39 25 36 33 5; 9 6; 7-11-1999
52964831; 11 27 21 7 4; 6 3; 13-1-1940
27854393; 9 3 1 2 5; 4 9; 29-8-1909
62274826; 49 46 7 39 36; 9 7; 13-11-2003
75942771; 22 19 21 2 14; 7 9; 6-6-1912
60709743; 30 32 43 29 2; 4 1; 24-3-1989
87677819; 46 41 8 37 6; 6 7; 15-9-1990
71172396; 28 15 40 17 8; 4 1; 10-3-2006
53656790; 4 38 32 40 41; 5 8; 15-9-1917
51513168; 14 22 49 10 39; 8 9; 18-12-2005
95019737; 5 49 9 17 14; 2 6; 31-7-1970
58214873; 7 4 19 29 32; 3 8; 26-9-2002
98653592; 35 31 18 46 37; 4 6; 9-11-1921
61442392; 47 10 24 18 37; 9 1; 17-3-1971
00963700; 40 16 14 45 29; 4 8; 30-6-1924
99027859; 34 11 44 27 5; 10 6; 4-11-1933
17868894; 16 34 27 13 2; 10 8; 8-2-1933
85114507; 21 9 16 18 29; 7 2; 11-5-1918
42172527; 30 9 14 45 8; 4 8; 20-4-1981
40004539; 26 3 44 9 17; 1 5; 1-9-1943
33808438; 33 41 16 40 30; 1 9; 25-1-1948
00481542; 33 3 10 20 24; 8 5; 5-4-1989
13872827; 17 2 20 4 33; 4 5; 2-7-1952
55943179; 37 35 20 12 17; 8 4; 23-5-1959
49757441; 16 12 46 39 25; 4 8; 20-6-2015
03559961; 38 16 15 20 42; 9 8; 12-4-1973
75683828; 44 32 42 16 24; 8 3; 6-9-1927
65933829; 5 15 16 33 12; 8 10; 2-2-1941
38527726; 20 16 4 35 49; 7 6; 6-6-1923
99233544; 26 25 45 24 43; 4 8; 8-3-1998
55628417; 43 34 7 27 3; 8 5; 23-6-1975
86224643; 25 8 6 41 35; 10 3; 20-8-1957
75477219; 49 5 27 14 48; 10 3; 4-2-2008
12140739; 8 44 29 5 27; 7 1; 29-8-1969
70272289; 44 7 37 49 43; 8 7; 21-12-2003
51890429; 31 46 42 24 33; 3 8; 15-6-2010
15757120; 45 41 18 8 1; 8 7; 19-3-1947
77320055; 48 41 25 49 4; 6 9; 7-7-1998
20706766; 23 4 43 21 39; 2 5; 10-12-1907
24000289; 9 4 31 10 41; 3 9; 6-3-1931
22415652; 20 34 46 26 28; 1 7; 15-3-1990
86435721; 39 38 21 36 5; 8 4; 1-11-1944
86167544; 38 41 24 33 20; 5 3; 8-4-1977
42788224; 17 19 35 10 7; 5 7; 20-11-1972
36403888; 9 35 26 46 47; 1 7; 6-3-1984
66823404; 44 28 2 31 14; 5 7; 22-12-1945
49671514; 25 19 12 48 16; 6 7; 3-10-1905
06666381; 30 25 21 37 8; 1 3; 13-6-2000
66121610; 44 21 34 30 1; 7 8; 19-4-1917
41399040; 3 5 44 43 26; 9 7; 25-11-1936
88637706; 3 14 17 42 20; 1 9; 6-7-1927
04347512; 36 43 42 25 3; 3 2; 25-12-1965
94814082; 33 47 11 35 36; 9 10; 10-11-2004
43648058; 3 16 23 7 35; 3 2; 29-5-1915
98292585; 10 33 39 47 22; 5 9; 26-6-1915
02841881; 24 34 25 28 26; 3 5; 28-4-1917
99924651; 41 15 8 18 12; 8 2; 21-11-1977
06551350; 25 44 39 33 13; 1 10; 10-5-2015
28288194; 49 13 4 33 19; 8 2; 17-4-1924
84173044; 30 7 47 42 20; 5 4; 29-11-1993
30018458; 18 16 44 30 23; 4 10; 21-6-1920
36973577; 18 24 43 23 27; 6 4; 3-3-1935
69808231; 12 14 22 6 8; 8 9; 9-1-2014
85831096; 11 14 25 30 2; 4 3; 7-1-2016
89858969; 36 45 13 6 3; 8 10; 11-11-1973
05169216; 17 32 37 25 34; 8 2; 4-10-1927
25550081; 13 41 21 3 25; 4 1; 17-5-1987
84022719; 47 13 28 12 27; 9 3; 7-10-1908
51898179; 44 1 33 20 5; 5 4; 17-11-1980
85158553; 8 9 35 48 6; 9 7; 3-3-1952
78050856; 32 13 46 34 27; 3 7; 25-2-1967
81060268; 39 9 33 36 16; 5 6; 2-7-1958
14890734; 18 45 8 16 47; 4 3; 28-12-1989
52330944; 4 34 9 46 23; 3 2; 30-5-1964
24076379; 4 34 10 43 48; 3 4; 26-10-1951
86057683; 46 2 13 31 15; 4 1; 29-9-1998
10307665; 38 49 47 48 45; 4 5; 4-12-1907
54881845; 2 46 28 4 1; 10 4; 6-5-2021
52283093; 43 27 11 22 40; 2 10; 11-10-1995
72288190; 11 40 10 19 16; 8 9; 1-7-1920
87799029; 31 4 8 23 30; 6 5; 28-10-1964
60913828; 5 28 39 18 1; 4 10; 23-1-1982
51576117; 8 9 26 7 34; 3 10; 7-1-1922
15361802; 20 47 25 27 5; 5 4; 26-5-1926
45754377; 39 48 28 12 34; 9 2; 23-6-1997
39458377; 33 3 31 12 10; 10 3; 21-7-2009
89916801; 47 13 45 34 4; 1 10; 13-12-1928
94371122; 38 4 28 10 6; 10 6; 7-8-1951
98839058; 38 42 30 1 35; 5 3; 11-11-2001
25328098; 1 40 48 8 18; 10 2; 2-11-1950
72069365; 33 21 6 12 18; 5 10; 6-1-2008
73277513; 32 41 46 30 48; 5 2; 2-4-1963
68425604; 16 22 48 46 26; 4 9; 21-10-1947
59917023; 1 9 13 47 21; 9 2; 12-6-1937
49669276; 6 4 30 27 18; 1 6; 20-4-1999
15404284; 34 9 14 6 42; 3 5; 26-1-1957
65468213; 18 11 9 27 28; 5 1; 19-3-2012
75303816; 19 27 21 23 18; 2 10; 13-4-1985
01752713; 36 23 15 16 40; 9 7; 22-8-1989
45276158; 31 35 9 44 2; 9 6; 9-12-1952
28343153; 38 12 26 17 23; 10 5; 23-12-1957
26793308; 1 36 33 9 41; 8 3; 11-2-2001
76742223; 13 44 32 2 24; 1 10; 28-2-1912
58589169; 11 22 5 26 34; 10 8; 2-10-1975
22394604; 17 38 24 46 47; 7 10; 23-6-1975
06688307; 25 8 19 46 18; 8 6; 8-6-1968
21258258; 42 35 41 49 22; 2 5; 22-3-2019
89681598; 24 37 23 17 42; 4 2; 1-4-1975
04150326; 16 4 8 21 30; 3 9; 12-2-1929
78989599; 29 18 33 11 37; 5 9; 30-11-1906
63381018; 33 31 36 32 7; 6 9; 25-9-1990
43704143; 29 39 31 37 34; 2 4; 13-12-1975
44448092; 30 45 25 19 47; 3 6; 24-12-1920
06335836; 49 17 31 10 6; 4 8; 13-8-1994
01201675; 34 39 15 25 7; 8 3; 9-11-2001
55011088; 30 41 40 9 42; 8 9; 5-11-1933
48317413; 2 29 5 18 22; 2 5; 1-12-1935
00066072; 49 38 9 11 42; 2 6; 9-3-1909
64849915; 11 17 25 14 32; 3 9; 27-11-1959
15293762; 48 40 35 28 30; 8 1; 3-5-1937
85195383; 44 29 12 23 34; 10 5; 25-3-2016
49672259; 26 49 6 47 15; 1 9; 28-6-1917
69586234; 1 30 28 2 5; 7 5; 31-5-1992
86294507; 30 33 49 43 22; 10 1; 10-6-1922
87558922; 48 41 6 1 20; 6 10; 4-1-1978
35878419; 27 22 23 33 30; 6 3; 21-5-1915
30753390; 35 41 8 19 18; 10 3; 20-10-1900
50433812; 40 41 45 7 46; 10 6; 6-5-1944
58252302; 2 40 27 34 5; 5 3; 22-2-1943
44810852; 44 47 31 6 14; 5 8; 15-10-1960
14350473; 22 41 48 19 46; 8 1; 6-11-2016
52708370; 17 5 28 22 39; 6 4; 11-4-2018
71282238; 6 46 44 15 3; 2 3; 11-4-1967
47204203; 27 37 19 40 28; 9 8; 23-7-1979
15448012; 41 44 17 18 48; 1 5; 31-8-1952
22183487; 10 7 4 36 45; 9 8; 26-11-1970
53654727; 17 4 16 27 14; 6 7; 19-11-1947
78387293; 49 31 17 32 8; 10 3; 18-4-2003
30571220; 16 21 29 8 18; 1 10; 6-7-2004
77937126; 33 25 43 48 9; 3 6; 1-4-1913
26820971; 29 35 34 7 36; 9 10; 7-4-1994
28175585; 25 22 44 11 38; 9 3; 2-1-1982
29066091; 9 47 44 25 1; 9 7; 11-9-1994
01269597; 22 38 26 45 41; 7 4; 23-3-1972
94584310; 47 11 4 48 16; 8 5; 5-11-1951
52072187; 6 5 41 37 47; 5 3; 12-2-1945
86022579; 17 38 36 16 37; 1 8; 18-11-1954
46309750; 2 18 26 39 10; 1 3; 9-10-1990
13432783; 41 13 32 8 20; 4 7; 17-8-1907
93564172; 25 11 32 49 34; 3 1; 12-10-1947
18532474; 40 14 16 12 25; 4 8; 5-12-1907
81123367; 48 6 1 33 24; 4 7; 2-3-2016
02030915; 45 46 33 26 7; 5 3; 30-9-2019
30395682; 47 14 34 41 26; 2 7; 11-8-1909
76547556; 2 19 9 24 36; 1 3; 11-8-1946
69487870; 2 39 27 25 12; 3 1; 29-1-1998
74759765; 29 36 26 8 34; 10 9; 6-3-1936
62734449; 1 13 34 31 6; 5 2; 12-4-2002
03765972; 25 37 43 36 42; 2 10; 8-3-1927
13710662; 43 31 9 15 19; 10 2; 16-11-1949
39456819; 5 31 4 23 18; 4 3; 8-8-1913
28362011; 26 16 22 36 21; 3 1; 11-7-1940
64846815; 13 44 46 31 39; 9 6; 12-5-1931
91645772; 47 18 22 20 30; 1 10; 23-3-1964
95941869; 48 8 39 33 41; 3 6; 27-2-1966
02277735; 41 9 29 18 13; 3 4; 20-5-1958
42703666; 39 12 33 41 29; 6 4; 13-11-2005
45068913; 31 30 39 25 43; 2 6; 3-4-1907
21148869; 46 2 8 20 45; 5 1; 25-5-1920
31782272; 25 22 24 14 42; 3 7; 6-2-1940
40332962; 13 3 47 12 6; 6 10; 21-8-1994
64152510; 35 40 27 1 49; 1 9; 11-11-1938
23247875; 10 27 44 26 9; 10 8; 1-4-1971
77559111; 25 43 31 47 45; 1 7; 23-10-1932
09640834; 49 46 26 4 31; 1 5; 10-10-1971
80529634; 9 30 26 39 23; 10 9; 17-7-1939
79706447; 25 42 9 34 27; 8 5; 22-1-1939
14335148; 14 3 43 31 24; 10 9; 14-8-1907
27250273; 29 8 45 22 4; 1 8; 29-6-1981
60886699; 36 23 32 1 48; 10 5; 18-3-1905
14794545; 36 42 39 41 13; 2 4; 6-6-1928
53374152; 17 46 35 31 29; 9 10; 30-1-2001
66331935; 30 40 6 33 26; 5 4; 12-4-1971
08081543; 8 43 28 18 31; 3 10; 14-4-2009
26377237; 38 41 49 43 4; 10 7; 12-5-1943
02820346; 39 25 6 16 4; 8 1; 22-5-1953
10332332; 46 14 38 13 11; 5 4; 13-5-2009
66222517; 21 22 27 31 13; 3 6; 20-12-1917
32200595; 9 24 30 26 47; 7 6; 6-9-1938
06666457; 40 39 35 1 36; 9 1; 27-1-1939
40502506; 31 49 47 16 21; 4 2; 12-6-1980
66798439; 43 45 30 46 16; 10 1; 1-3-1992
01401459; 30 32 5 15 33; 8 3; 11-7-1953
14664376; 34 24 5 31 37; 1 7; 12-9-1933
74661488; 36 8 34 17 37; 4 9; 30-10-1950
38298869; 23 40 15 19 29; 6 1; 15-4-1993
45150287; 45 33 26 49 31; 6 4; 30-7-2015
05524871; 18 14 31 10 34; 2 4; 8-8-1943
95371787; 2 25 10 43 47; 5 7; 25-11-1935
12500991; 43 7 5 49 32; 3 5; 3-8-1984
01556236; 15 8 40 43 35; 1 5; 13-2-1959
49171321; 6 23 17 12 20; 7 3; 16-6-1958
05288442; 11 16 33 17 29; 7 10; 10-12-1920
14477957; 15 37 3 43 10; 2 9; 9-4-1916
62643441; 43 49 40 5 10; 1 8; 21-10-1917
21345911; 33 14 49 45 7; 7 3; 25-2-1966
75699409; 21 5 28 30 38; 8 1; 31-1-1955
06471381; 47 12 21 20 40; 2 8; 8-6-1976
89703223; 23 6 42 10 43; 7 10; 1-7-1991
79568227; 22 16 33 49 37; 4 9; 18-9-1982
12742798; 25 37 35 28 41; 1 8; 21-6-1932
33542058; 30 15 20 33 19; 1 7; 27-7-1998
10328899; 26 49 22 24 28; 3 1; 2-11-1963
70739994; 11 40 7 36 47; 3 8; 17-9-1986
53126750; 32 37 22 13 23; 4 2; 29-6-1945
44703724; 47 20 4 40 46; 4 5; 7-11-1919
55164656; 40 49 27 9 19; 6 9; 6-3-1921
81526761; 24 29 14 19 25; 5 10; 5-7-2005
48190684; 18 39 38 25 16; 10 8; 3-3-1979
14802304; 18 23 37 5 46; 7 5; 24-9-1963
84709861; 23 3 24 13 28; 9 2; 10-1-2005
43915779; 37 24 9 43 40; 9 7; 15-6-1944
22708933; 43 48 39 19 32; 5 6; 22-8-2020
44650412; 47 49 36 17 34; 10 4; 5-10-1947
11969486; 5 42 13 46 27; 10 6; 29-4-1963
72978540; 15 13 45 42 20; 10 5; 11-10-1924
29473845; 19 44 37 15 14; 2 9; 30-10-1938
15635339; 7 44 18 29 45; 6 8; 29-10-1970
64864214; 17 47 18 4 24; 8 1; 11-9-1919
86395492; 7 27 38 31 40; 9 2; 13-3-1909
47840478; 15 1 27 37 9; 5 9; 22-2-2010
65532661; 8 25 18 35 34; 6 3; 18-1-1994
35688649; 17 43 7 14 21; 10 2; 3-9-1987
45236647; 14 36 24 7 30; 4 9; 26-12-1942
31512222; 37 35 31 38 44; 1 5; 12-2-1921
45749952; 37 35 23 18 43; 10 2; 1-1-1940
94422924; 12 33 32 45 15; 4 7; 27-8-1991
19209668; 5 10 6 16 27; 4 7; 21-9-1915
07860529; 45 25 49 9 28; 5 8; 5-4-2009
28026689; 17 30 38 21 41; 6 4; 26-4-1975
17506106; 20 4 6 1 40; 1 8; 30-12-1900
36442329; 24 19 34 28 25; 9 2; 12-8-1972
25410962; 36 2 3 25 14; 2 4; 7-6-1959
24688932; 8 4 15 47 9; 7 8; 26-7-1924
19889812; 27 39 43 12 8; 10 2; 11-10-1952
86351412; 15 22 34 32 39; 8 1; 9-5-1994
78652701; 1 44 21 47 11; 2 1; 20-9-1924
09045794; 33 48 22 9 23; 3 5; 8-8-1918
71507636; 32 38 18 11 34; 7 4; 20-2-1914
74557267; 21 28 4 29 31; 8 9; 8-3-1995
40919365; 43 33 19 6 41; 8 3; 6-5-1937
16179104; 44 40 38 37 2; 9 4; 8-4-1957
83243526; 12 2 31 38 21; 6 3; 9-12-1966
58823022; 5 31 28 13 27; 1 9; 23-4-1916
04305031; 26 39 46 48 10; 7 10; 15-1-1917
71403568; 25 39 32 4 19; 9 1; 21-4-2016
66217172; 19 24 39 12 47; 5 4; 29-9-1915
94770596; 5 46 25 29 2; 5 2; 24-6-1968
11274537; 25 40 45 20 30; 6 8; 6-3-1950
10097075; 1 3 41 14 2; 2 7; 2-10-1985
54579773; 26 6 36 3 11; 6 7; 1-2-2009
89538721; 4 1 44 11 15; 7 3; 29-4-1900
80111728; 16 8 36 23 11; 3 8; 12-1-1988
83943002; 29 20 14 7 44; 4 3; 24-12-1922
41622936; 32 40 14 7 35; 2 6; 13-12-1923
69749135; 29 20 35 36 30; 1 7; 5-12-1934
90328895; 11 27 40 19 46; 3 6; 26-2-2018
87406345; 13 2 24 41 4; 1 8; 23-5-1942
06265859; 14 33 2 7 18; 5 8; 31-12-1925
08837209; 15 48 26 9 3; 3 8; 1-7-1993
86302720; 26 11 33 22 35; 6 9; 30-6-1982
82125045; 28 40 36 10 35; 10 5; 2-6-2015
05432848; 39 18 37 10 44; 7 4; 11-8-1925
32858962; 34 21 28 29 9; 8 2; 20-1-1974
10840058; 43 40 42 28 3; 2 5; 10-10-1951
41025283; 10 23 21 26 34; 6 1; 18-11-2015
61654210; 39 32 11 8 40; 2 5; 9-2-1994
38587086; 47 46 38 8 1; 10 7; 30-1-1909
59170814; 47 19 12 1 39; 5 8; 20-11-1927
99807956; 15 35 12 17 11; 6 8; 12-2-1922
04666095; 20 31 4 7 10; 9 4; 17-6-2006
65911179; 38 21 16 24 47; 10 6; 4-2-1915
00134914; 24 44 42 13 43; 1 2; 2-6-1969
95502028; 16 46 14 12 42; 4 1; 24-7-1935
52687698; 39 43 35 23 4; 2 10; 16-4-1931
53576707; 47 6 15 46 28; 3 5; 14-10-1984
84251129; 34 40 49 23 2; 4 7; 4-9-2012
35325981; 43 11 3 7 8; 5 10; 11-2-1901
77281368; 5 48 29 4 44; 9 6; 8-6-1935
62938834; 6 1 28 32 41; 9 4; 24-1-2018
97469919; 45 30 18 29 15; 1 9; 5-3-2015
94720087; 45 29 17 3 21; 10 7; 26-1-1932
06020621; 37 42 6 2 22; 9 4; 15-10-1914
34854075; 4 5 17 19 13; 8 10; 15-9-1917
48519181; 43 38 27 29 48; 10 5; 9-7-1910
63444531; 11 45 48 35 44; 8 1; 12-2-1953
29971552; 39 45 36 10 19; 3 1; 3-10-1916
37506023; 8 28 2 44 34; 7 3; 16-11-1963
30706644; 21 18 34 39 7; 2 5; 16-12-1943
17734617; 40 10 22 49 21; 2 6; 11-2-1974
16934690; 43 13 34 7 15; 10 5; 17-4-1990
90615504; 5 24 4 12 10; 2 9; 4-7-1948
87908493; 31 22 33 35 1; 2 9; 10-9-1913
94062932; 34 9 38 35 41; 9 6; 1-11-1917
33218407; 42 27 36 4 35; 7 2; 26-4-1981
91610652; 14 7 25 39 12; 3 9; 28-3-1953
88577959; 13 26 15 16 42; 10 8; 6-7-1905
92579854; 36 11 24 18 34; 8 1; 11-3-1959
61273856; 34 5 18 19 13; 10 5; 15-6-1913
63777850; 19 10 43 14 3; 10 6; 22-6-1991
45940618; 21 29 35 38 4; 2 6; 6-6-1991
08552741; 33 7 43 21 23; 8 10; 15-3-1917
74518766; 27 9 34 37 13; 3 2; 9-2-1904
53433945; 43 38 6 13 37; 2 4; 9-4-1945
67466289; 47 23 2 1 13; 2 9; 9-9-1918
01089768; 42 4 18 27 21; 1 7; 19-7-1940
03728919; 39 2 19 16 46; 6 3; 26-1-1943
06596397; 17 12 21 11 25; 5 4; 30-10-1929
80702151; 13 47 41 22 15; 7 1; 17-10-1910
65081736; 19 33 49 24 32; 2 9; 19-8-1901
35024524; 9 23 34 19 36; 1 2; 10-2-1966
20525455; 6 44 27 18 9; 9 4; 3-3-1965
45816756; 20 35 29 41 9; 4 10; 11-7-1976
20271979; 41 8 2 33 26; 4 1; 11-5-1955
99831293; 20 7 34 49 4; 5 8; 1-9-1953
19961057; 4 38 19 35 28; 2 6; 6-8-2016
15646244; 29 17 5 14 25; 6 4; 2-11-1968
91999767; 41 35 31 48 28; 3 8; 4-12-2019
27889560; 11 6 10 47 40; 8 4; 29-10-2014
15923170; 20 2 15 13 47; 9 6; 23-10-2012
57780944; 44 22 19 32 14; 2 5; 13-11-1903
39087563; 33 40 43 2 35; 4 6; 22-8-1956
85514569; 4 46 17 48 49; 8 4; 23-11-2015
14550424; 47 43 26 3 39; 4 2; 27-4-2019
82899915; 34 41 26 22 39; 3 8; 16-5-1956
52270158; 31 23 6 39 44; 8 7; 6-7-1903
70310257; 22 18 48 11 1; 9 2; 11-9-1999
28399380; 21 24 23 34 4; 1 10; 11-7-1987
69588149; 44 9 45 24 4; 9 2; 21-11-1994
89712968; 48 45 36 40 39; 8 3; 13-10-1974
84002560; 2 5 49 3 13; 7 6; 26-6-1946
87288189; 18 33 1 22 2; 10 9; 3-4-1922
88254748; 20 40 5 16 29; 8 6; 19-1-2000
54926037; 31 2 4 20 13; 1 3; 2-11-1943
27196431; 38 3 14 22 42; 2 6; 20-4-1921
92734565; 3 30 6 47 24; 4 1; 6-8-1912
55826886; 22 36 9 10 26; 5 6; 17-4-1987
34849731; 6 1 10 26 40; 8 6; 23-3-2013
22525361; 33 47 15 36 20; 7 5; 11-2-1920
65676390; 14 40 9 38 28; 3 8; 10-3-1988
48089249; 41 37 44 10 45; 6 8; 16-1-1980
49804477; 39 21 34 42 30; 8 4; 8-9-1970
29329800; 11 23 27 46 42; 3 4; 29-7-1943
89207762; 1 45 15 26 29; 8 6; 21-8-1931
27371688; 44 19 32 3 41; 6 3; 10-4-1974
60251031; 49 21 31 39 15; 3 5; 16-8-1987
27611956; 48 42 31 10 4; 3 4; 5-12-1972
19659638; 3 31 6 11 4; 2 6; 17-9-2004
87940188; 7 10 9 25 22; 4 3; 27-12-1933
17520220; 38 30 27 3 37; 5 9; 1-1-1992
41547165; 27 28 23 21 47; 10 8; 11-8-1931
00242821; 31 30 48 19 11; 2 4; 19-1-1996
67191011; 39 38 20 17 46; 4 8; 29-3-1957
12469475; 35 7 31 29 22; 7 10; 8-4-1961
28842128; 12 17 39 11 33; 8 6; 13-5-2001
56124325; 6 31 8 39 17; 2 8; 7-2-1969
38800179; 25 34 26 37 46; 6 4; 30-3-1984
12392240; 25 27 9 4 1; 8 4; 28-4-1990
04631319; 20 30 44 35 23; 2 7; 6-7-1902
49616482; 29 23 7 17 49; 3 7; 19-6-1935
70362941; 12 32 39 25 11; 5 3; 15-8-1983
69421522; 16 3 7 30 36; 2 6; 8-4-2013
57147229; 26 25 5 7 16; 4 1; 21-5-1981
95169623; 48 23 7 26 34; 3 1; 22-1-1943
54709360; 19 32 22 18 14; 3 1; 15-12-1972
96985603; 39 27 10 13 9; 3 6; 27-6-1991
63365546; 38 16 30 17 26; 3 6; 7-12-1955
34424068; 32 25 16 27 3; 5 9; 7-1-2009
56345228; 36 35 1 25 42; 9 5; 12-11-1957
95614585; 29 4 28 17 46; 9 7; 22-8-1920
89720774; 25 38 1 24 30; 4 8; 23-11-1991
43885945; 17 24 21 39 47; 6 1; 14-2-1944
27428857; 10 13 27 34 25; 3 10; 29-12-1967
25819513; 19 43 22 42 6; 3 4; 26-6-1938
02998589; 3 30 15 33 48; 4 8; 6-3-1928
74965414; 6 38 33 14 34; 3 10; 26-2-1924
75325657; 39 4 7 17 30; 7 9; 3-1-1924
07075334; 41 32 1 28 19; 9 4; 29-8-1928
03139859; 22 49 15 36 16; 4 3; 28-8-1995
57351039; 16 44 12 22 19; 7 3; 19-8-1917
01027878; 38 3 21 6 31; 1 10; 14-12-1923
72609543; 5 44 28 20 1; 2 8; 7-9-2002
28248912; 11 49 21 27 33; 9 10; 12-9-1997
36163715; 26 23 13 49 28; 10 3; 16-5-2014
56106080; 7 40 44 26 27; 6 7; 12-4-2003
05382236; 31 27 11 37 1; 5 7; 24-9-2014
64816420; 30 4 48 35 39; 6 1; 20-1-1941
35160469; 47 39 31 8 37; 1 4; 27-3-1970
28021812; 16 17 37 36 49; 9 7; 19-5-2006
25812066; 14 48 33 9 20; 1 10; 9-10-1923
49057422; 24 5 2 36 34; 7 9; 29-10-2017
64861922; 7 20 43 48 5; 7 4; 26-5-1946
78608450; 30 44 3 17 36; 6 5; 30-9-1951
25705192; 28 23 43 32 13; 3 2; 26-5-1917
88702518; 27 25 6 15 26; 3 4; 12-9-1995
85599214; 18 44 1 11 20; 3 2; 5-5-1965
82340567; 17 34 29 2 23; 10 1; 29-10-1953
00737178; 17 32 19 30 7; 3 1; 6-5-1978
28027743; 47 34 44 22 27; 8 10; 10-4-1983
29787660; 35 29 37 47 45; 1 5; 30-9-1978
36008946; 47 35 17 27 9; 5 9; 30-6-1919
69957251; 4 21 29 13 3; 4 1; 26-5-1931
28141025; 8 20 27 35 5; 5 9; 8-7-1997
59288877; 29 17 22 40 5; 10 3; 25-3-2001
87629267; 5 2 10 43 17; 2 4; 6-6-1992
44500857; 43 10 17 24 3; 2 9; 26-1-1913
86144628; 4 19 31 45 39; 10 4; 2-6-1925
01299821; 4 3 39 20 28; 1 4; 6-6-1910
12835553; 41 42 9 39 8; 6 9; 4-4-1932
79421316; 26 31 6 46 19; 10 1; 1-12-1985
05114628; 15 4 44 37 36; 9 5; 10-12-2001
69581244; 8 26 12 6 3; 9 10; 23-3-2021
96188181; 13 38 16 28 4; 10 5; 11-1-1930
80859152; 35 3 17 40 2; 6 3; 13-5-1952
25708974; 36 26 43 48 2; 10 9; 14-2-1933
18059200; 25 42 38 28 5; 6 5; 9-5-2002
78713726; 6 49 13 29 43; 7 4; 1-1-1964
00784393; 4 44 15 6 3; 7 5; 17-5-2013
26853727; 3 26 21 16 2; 7 2; 16-4-1907
96443301; 45 46 14 20 5; 5 2; 23-4-2012
88412380; 34 5 3 8 42; 9 8; 12-3-1924
88528645; 31 10 4 43 18; 10 3; 6-2-1995
63486390; 9 2 35 23 15; 4 8; 1-7-1909
16250584; 24 33 26 20 30; 7 4; 18-4-1925
89277635; 30 27 6 25 9; 9 7; 9-1-1911
29337583; 22 2 41 10 13; 5 3; 19-1-1912
67207344; 29 24 5 27 12; 10 1; 30-6-2002
89344938; 47 4 37 1 33; 3 6; 16-4-1991
40300126; 44 21 25 16 17; 8 9; 17-4-1903
72014494; 29 36 33 37 46; 10 5; 26-4-1910
45653249; 33 23 17 29 34; 8 5; 1-7-2014
78886847; 33 37 15 41 8; 9 10; 26-11-1931
78915669; 34 24 48 29 38; 2 8; 15-11-1916
83349359; 29 14 34 48 37; 4 7; 2-10-1990
28195045; 39 10 13 49 11; 1 9; 24-6-1981
54861871; 42 35 1 39 38; 6 10; 26-4-1978
48826821; 36 19 44 33 11; 10 6; 20-6-1950
91061462; 38 17 25 30 11; 8 10; 11-2-2018
39343777; 13 9 21 31 20; 3 4; 19-10-1916
97256382; 42 19 15 29 20; 10 9; 5-4-1920
17249785; 31 36 1 21 45; 9 7; 13-3-2011
59903679; 3 23 10 11 41; 2 1; 24-8-1988
81922867; 44 5 9 18 17; 3 7; 23-5-1951
70870308; 5 45 3 25 44; 1 8; 9-7-1956
97363989; 41 22 33 10 2; 6 8; 3-6-1903
49264374; 27 14 29 40 45; 10 7; 10-3-2005
32627241; 18 37 39 24 33; 8 9; 6-12-1912
85598847; 6 36 27 22 16; 9 10; 26-9-1997
21618598; 38 3 42 49 16; 7 6; 22-2-1929
82631675; 43 7 24 32 49; 9 7; 28-12-1983
44054756; 48 45 22 23 49; 1 5; 24-10-1952
66628671; 5 10 29 14 34; 8 2; 14-1-1988
44026580; 42 8 9 24 44; 1 3; 17-4-1996
82419148; 30 40 42 9 7; 9 2; 24-7-2006
00492376; 41 2 35 23 49; 6 5; 26-10-1941
94055766; 3 7 22 38 23; 6 7; 11-9-1964
53082999; 45 19 32 29 14; 5 7; 15-10-1925
53755558; 4 6 8 27 37; 10 2; 2-2-1993
54673516; 26 16 44 48 37; 7 5; 14-6-2008
72436505; 8 36 35 9 33; 9 8; 26-9-1981
01811236; 44 26 24 42 8; 2 6; 26-1-1958
75323887; 23 10 42 5 16; 5 3; 22-8-1981
49760387; 25 34 21 27 5; 8 2; 9-5-1901
39855971; 14 4 46 42 37; 8 5; 3-9-1949
83008471; 8 46 47 42 35; 10 3; 19-4-1987
03994811; 1 40 22 17 24; 2 4; 27-8-1906
37720842; 5 25 38 19 27; 5 10; 3-3-1927
87065042; 6 37 28 29 4; 5 7; 18-9-1945
73596380; 44 17 11 7 35; 4 7; 20-1-2007
33785070; 9 24 13 12 19; 9 2; 20-11-1953
87819438; 23 42 29 44 47; 1 8; 28-6-1922
10493396; 44 35 11 34 12; 9 7; 8-6-1984
76436448; 5 33 46 14 23; 2 8; 21-1-2002
36707560; 19 21 3 39 30; 7 8; 13-12-1908
02754543; 39 18 12 16 48; 6 5; 6-8-1959
18106882; 35 26 33 42 34; 1 4; 2-7-1940
67940466; 41 45 37 15 9; 5 9; 26-11-1958
59847230; 20 3 42 32 47; 2 6; 1-11-1999
68262488; 3 43 20 18 29; 8 1; 9-7-1927
58322731; 34 17 18 44 30; 5 4; 10-9-1933
53397797; 22 20 5 4 43; 7 8; 13-12-1977
30443561; 34 48 35 43 39; 7 5; 4-4-1951
23685942; 18 25 11 41 40; 10 7; 25-5-1955
08667918; 35 45 32 4 43; 10 7; 16-12-1947
40810768; 9 42 44 3 18; 7 5; 29-5-1916
81368992; 18 6 44 21 43; 5 2; 4-9-1964
26142662; 45 26 2 25 33; 5 2; 19-10-2013
45223230; 41 28 47 18 16; 3 5; 24-11-2020
02076941; 4 29 24 42 36; 1 5; 5-2-1914
30210316; 35 48 42 39 5; 7 10; 3-4-1957
87627756; 6 45 31 40 41; 4 1; 27-9-1941
46277735; 31 2 30 19 7; 3 7; 16-10-2014
27130715; 23 32 28 44 8; 9 1; 18-2-1954
36425025; 2 13 37 8 20; 7 1; 12-5-1982
85833292; 15 10 17 11 49; 9 1; 18-6-1996
16374258; 11 28 43 2 35; 2 9; 5-5-2005
28452823; 3 30 36 2 12; 6 4; 9-12-1984
18652667; 29 39 45 2 17; 3 4; 7-8-1999
30670118; 41 12 21 1 3; 5 7; 22-3-1975
73863137; 25 36 32 2 5; 6 2; 26-12-1931
93136223; 1 3 17 28 25; 4 6; 4-2-1977
76836276; 30 6 39 7 3; 10 9; 26-2-1929
26109266; 30 20 12 10 28; 2 1; 6-6-1957
07381242; 27 5 25 4 30; 6 9; 3-1-1933
59907743; 46 3 21 33 14; 5 2; 15-12-1941
15380541; 22 5 44 14 28; 6 10; 13-1-2021
57479463; 45 16 21 12 22; 7 1; 18-8-1970
58771829; 34 11 42 14 28; 10 1; 15-11-1959
96028966; 19 7 18 33 32; 7 8; 19-1-1971
99225081; 45 15 30 9 14; 8 3; 31-12-2004
11348872; 37 3 7 45 2; 10 9; 13-9-1945
92808980; 15 34 47 4 49; 7 2; 30-4-1918
92466724; 28 41 36 42 26; 4 1; 22-12-1996
12736916; 32 13 49 48 19; 1 5; 12-10-1981
38181514; 43 39 20 26 3; 2 4; 29-8-1917
51546260; 5 15 6 24 36; 5 7; 7-4-1965
75003136; 43 21 32 26 14; 10 1; 7-9-2007
88747035; 6 32 21 17 3; 10 5; 25-9-1903
89144062; 32 37 47 35 44; 10 1; 6-2-1926
72303002; 44 1 41 23 37; 8 5; 22-1-1912
55305012; 8 16 37 4 23; 2 9; 5-3-1947
13332825; 25 12 8 47 31; 8 7; 25-9-1907
