01057147; 38 33 48 17 3; 10 7; 5-2-1992
17368866; 6 26 18 4 20; 2 1; 17-6-1940
21849161; 40 29 19 9 32; 9 1; 9-8-1997
74411514; 33 31 40 30 15; 2 6; 9-3-1928
84514818; 34 5 9 16 42; 3 10; 5-1-1913
52664558; 29 30 16 5 37; 7 8; 8-6-1927
52951566; 45 13 49 43 16; 3 10; 16-7-2014
65679722; 5 38 36 16 45; 7 3; 13-1-2001
36705782; 5 4 20 34 1; 6 10; 3-4-1945
18562862; 26 32 13 4 22; 4 3; 29-8-1989
79305650; 5 49 2 23 25; 6 1; 12-11-1952
56845820; 47 3 32 14 15; 10 8; 8-5-1951
35469731; 40 11 35 27 1; 5 8; 11-2-1925
81007097; 40 44 11 28 36; 7 8; 19-8-2004
57807635; 24 22 23 49 7; 6 4; 14-1-1918
74565141; 14 8 17 33 48; 2 1; 12-6-1906
32440710; 42 2 31 48 4; 10 3; 6-9-1994
74769042; 37 14 48 29 13; 10 1; 20-5-1993
86943343; 24 22 13 25 43; 3 8; 24-1-1953
33870582; 42 31 26 25 35; 3 7; 22-9-2018
58936864; 47 31 22 44 49; 3 10; 13-2-1948
16795083; 49 47 34 14 41; 10 8; 7-12-1968
36851980; 19 32 14 42 15; 9 4; 14-11-1998
66835385; 5 44 4 17 27; 2 4; 3-4-1958
47664250; 33 26 41 38 9; 2 1; 21-10-1926
57673266; 48 35 43 13 46; 1 3; 23-6-1906
53806255; 46 19 22 25 12; 2 9; 8-6-1966
25647451; 4 46 10 30 31; 9 5; 29-7-1994
07269512; 39 25 5 10 26; 6 4; 28-10-1985
37578823; 34 44 14 27 5; 7 8; 20-11-1914
58591352; 34 48 21 16 40; 8 2; 24-10-1926
86890232; 34 1 29 11 49; 6 9; 5-1-1916
63474071; 38 13 25 47 8; 10 3; 14-11-1902
39047861; 3 20 33 26 48; 2 4; 10-6-1960
32234907; 46 7 13 19 14; 10 7; 11-2-1944
57457678; 10 21 30 40 2; 2 3; 8-1-1961
80794451; 39 18 49 40 9; 6 1; 6-2-1990
77655990; 44 38 3 32 21; 2 5; 10-8-1951
25948181; 34 19 24 12 18; 10 4; 2-1-1923
30174366; 37 1 43 32 23; 5 4; 25-1-1935
24186543; 18 23 3 6 45; 5 10; 6-5-1930
73110074; 40 19 6 3 2; 1 5; 30-12-1991
95059316; 20 11 46 18 24; 9 6; 13-6-1998
47452971; 19 32 23 33 24; 3 4; 21-3-1928
83842212; 36 41 8 1 34; 8 6; 1-8-2015
16964582; 36 25 2 49 39; 7 6; 13-7-1969
08500229; 37 27 47 16 42; 4 3; 11-5-1906
55960663; 39 41 15 29 6; 3 6; 7-12-1987
65641082; 29 48 33 43 3; 8 1; 12-6-1953
00465106; 47 29 24 37 31; 6 10; 25-1-2021
51239232; 6 39 4 11 17; 9 7; 25-7-1959
87700556; 41 29 49 34 20; 7 2; 5-5-1921
88484849; 48 31 43 18 11; 4 5; 10-1-1902
03378777; 5 30 21 6 45; 5 10; 12-9-1982
39536294; 27 35 15 43 6; 6 2; 8-8-1903
62348160; 10 39 31 41 15; 3 2; 14-9-1953
67578818; 7 39 9 18 3; 1 10; 20-1-1996
87407449; 11 33 44 37 49; 1 6; 5-3-2002
26718877; 40 25 15 39 23; 6 9; 19-10-1907
52894052; 39 6 33 26 9; 9 4; 15-7-1922
79082853; 22 4 31 29 6; 2 4; 8-7-1988
87279029; 25 17 31 42 13; 4 8; 6-9-1970
31986590; 33 47 18 29 38; 9 6; 13-7-1939
77383083; 47 32 2 39 7; 3 4; 16-1-1971
07791923; 25 44 2 42 36; 6 1; 28-8-1930
68271985; 23 3 7 2 13; 9 7; 24-5-2015
06487551; 34 26 40 27 30; 7 4; 31-3-2019
89472211; 4 6 2 17 15; 6 10; 13-1-1935
85215901; 16 30 17 23 21; 7 10; 25-7-1933
71217249; 48 18 42 12 41; 9 8; 3-8-2004
61855656; 33 26 27 5 32; 1 4; 20-5-1942
30531005; 35 30 26 48 4; 3 8; 10-1-1925
06138682; 22 46 6 45 35; 10 5; 1-8-1995
08389947; 40 7 30 45 27; 9 6; 12-10-2016
88472747; 47 34 2 48 46; 5 3; 15-7-1974
78847406; 28 23 22 12 43; 1 5; 5-5-2007
92487723; 18 3 20 49 33; 7 9; 26-3-1996
44735195; 31 26 8 10 48; 4 1; 5-10-1948
42976086; 41 17 3 44 24; 2 1; 4-11-1919
94480496; 29 8 39 33 31; 7 5; 13-10-1970
98709666; 36 39 4 20 17; 10 4; 22-6-1911
11199363; 26 28 44 38 8; 8 9; 21-2-1913
65400346; 48 8 12 36 14; 1 2; 3-10-1993
39542141; 49 13 6 18 11; 2 7; 20-5-1982
87903937; 25 20 11 39 24; 7 5; 11-6-1965
57987587; 23 36 4 40 12; 8 9; 22-8-1982
59560783; 1 11 43 44 49; 2 9; 6-12-1968
58250421; 34 9 29 20 19; 3 5; 6-9-1976
45059849; 6 24 18 40 48; 7 3; 13-4-2001
17592273; 22 8 38 27 4; 4 1; 18-2-1988
97490222; 31 24 10 7 12; 4 2; 9-5-1948
74495453; 3 6 17 15 34; 6 8; 23-4-1942
93276294; 48 39 43 3 23; 4 7; 15-8-1948
13560954; 42 23 31 10 33; 2 7; 26-6-2013
09478597; 9 8 16 30 4; 7 1; 31-5-1989
02057816; 45 13 49 48 15; 7 10; 3-7-1969
08427216; 17 49 35 12 10; 9 6; 27-4-1908
82308277; 13 47 16 29 48; 3 5; 7-10-1960
82218878; 10 38 11 7 41; 9 6; 10-10-2002
40852884; 47 39 49 8 19; 4 8; 21-10-1917
43710490; 36 31 16 39 6; 3 1; 31-5-1956
29629881; 2 45 41 33 16; 2 9; 24-6-1902
32714436; 38 15 6 26 10; 7 1; 1-3-1975
35687352; 21 43 24 3 10; 8 3; 18-9-2020
45651986; 40 43 7 42 9; 8 2; 1-2-1962
89576198; 26 27 22 36 42; 10 4; 15-4-1936
65019039; 19 47 48 46 7; 2 3; 5-4-2020
27535825; 39 14 16 45 6; 4 8; 5-8-1931
33564988; 9 41 21 29 4; 5 9; 4-11-1961
69258139; 26 12 37 1 24; 9 5; 3-2-1995
13743044; 26 41 29 3 44; 9 3; 27-12-1961
92801926; 48 38 19 10 42; 7 6; 21-12-1994
33450080; 49 1 35 30 29; 5 8; 20-5-1991
19458035; 7 39 35 5 27; 10 4; 21-7-1910
03497336; 33 23 12 24 14; 6 1; 17-3-1973
99015081; 22 23 35 26 2; 7 6; 16-4-2005
00153669; 43 27 39 45 20; 8 5; 29-10-1921
57616136; 34 20 21 28 42; 2 8; 12-12-1906
89036505; 23 15 1 36 14; 3 8; 29-5-1977
63677868; 6 32 29 42 39; 5 4; 12-7-2005
83019767; 49 19 47 38 6; 3 1; 23-2-2021
80316189; 15 31 21 1 28; 1 3; 14-12-1915
65277637; 11 4 26 28 6; 10 1; 3-5-1982
15876833; 21 38 31 30 43; 3 2; 2-4-1932
75635931; 26 1 19 23 22; 2 4; 26-7-2006
46722725; 8 6 25 14 46; 5 1; 17-8-1962
63131710; 39 9 34 15 2; 4 1; 29-9-1916
90911841; 43 2 21 12 10; 5 2; 12-5-1960
85915071; 9 41 39 48 42; 5 6; 21-5-2008
29847331; 6 26 44 5 18; 6 3; 23-6-1918
09059410; 46 28 13 2 39; 10 3; 20-10-1959
87480671; 3 28 25 15 5; 10 9; 4-1-1912
52136204; 43 19 29 2 15; 9 3; 22-2-1902
65973354; 15 21 44 30 8; 5 8; 10-3-2010
99253687; 31 10 26 30 41; 9 7; 12-3-1983
56577653; 5 38 40 23 1; 8 4; 6-1-2016
41905368; 9 17 14 34 32; 1 6; 10-10-1910
78029578; 29 10 20 7 3; 8 3; 1-7-1959
63148353; 8 25 22 12 1; 9 3; 5-12-1949
38759407; 31 14 40 41 48; 1 3; 27-3-1923
10267741; 11 1 44 20 9; 9 10; 13-6-1936
16130183; 2 13 44 34 28; 2 4; 25-1-1946
30357782; 28 29 44 9 41; 5 6; 10-5-2010
54285283; 18 13 20 4 22; 10 2; 26-2-2016
01784637; 22 10 12 46 35; 5 1; 28-7-1978
39389269; 8 44 14 32 24; 9 3; 14-5-1999
52825744; 45 43 15 34 26; 10 2; 29-12-1971
38677849; 24 22 49 10 36; 6 1; 19-7-1960
21440957; 27 24 46 36 5; 6 3; 10-3-2007
78384483; 42 26 38 11 21; 8 5; 24-1-1901
93958632; 40 37 17 10 19; 1 9; 21-7-1914
00172349; 27 34 42 3 37; 8 4; 12-9-1961
51667661; 20 36 13 17 32; 2 8; 19-5-1937
64774451; 26 39 2 3 12; 2 5; 14-5-1977
04239637; 43 24 22 47 23; 8 10; 24-1-2000
50992485; 42 9 39 2 46; 8 3; 2-5-1985
62273411; 12 36 45 10 17; 4 2; 2-5-1996
66437048; 43 2 49 29 37; 10 7; 6-3-1928
65868488; 32 33 14 24 10; 2 6; 1-3-1954
12654224; 5 22 19 20 49; 1 9; 23-7-1913
60154376; 7 17 28 6 47; 10 7; 18-3-1915
70697013; 23 5 24 27 41; 6 9; 28-10-1924
90568359; 43 36 40 32 45; 1 8; 25-3-1989
17720656; 41 30 14 31 40; 3 6; 14-3-2018
96167062; 23 6 28 41 48; 2 3; 4-1-2015
07719036; 46 3 12 10 13; 1 10; 4-2-1984
07355007; 8 27 4 42 11; 9 8; 27-8-1988
09931201; 35 7 40 19 33; 6 1; 20-4-1980
01889628; 43 6 30 8 45; 6 1; 18-12-1917
01413492; 22 20 30 17 28; 5 9; 24-8-2015
47852466; 7 34 29 16 40; 4 1; 20-6-2018
05352224; 45 46 49 35 34; 8 3; 4-4-1926
58890665; 18 11 30 23 43; 5 2; 16-1-1964
18660856; 48 10 24 13 41; 10 4; 8-6-1957
20908510; 36 11 9 47 45; 5 6; 4-11-1947
41763328; 40 26 35 15 21; 10 6; 16-8-1952
03734279; 29 44 20 46 41; 4 5; 14-2-1913
70163971; 3 37 34 9 15; 6 7; 28-6-1934
22962476; 49 23 6 2 45; 6 10; 22-12-2005
97680742; 18 32 36 4 8; 2 4; 27-5-2017
08716053; 20 37 15 31 45; 1 6; 18-7-1968
56670317; 34 13 7 25 10; 5 7; 1-12-1932
16859441; 6 24 15 12 40; 2 9; 14-11-1986
81221774; 23 31 26 45 37; 7 9; 14-10-1957
12613401; 46 6 5 43 19; 7 8; 1-3-1958
21753586; 8 33 24 36 3; 4 3; 3-11-1968
32473843; 42 18 8 14 24; 4 2; 29-1-1987
34915459; 35 3 44 30 22; 3 2; 3-8-1933
03074869; 1 17 26 32 18; 3 5; 30-3-1991
23536968; 27 9 12 16 6; 3 5; 9-8-1920
05347670; 28 8 12 5 41; 8 5; 21-7-1952
64810732; 3 23 5 24 38; 4 8; 17-5-1965
42592608; 6 36 33 14 1; 5 2; 14-5-2020
46325410; 27 21 20 6 23; 7 3; 23-11-1954
08500361; 19 18 29 20 25; 8 2; 14-8-2006
10192261; 48 29 7 3 34; 10 4; 22-3-1931
03383708; 46 21 15 49 36; 8 2; 13-6-1981
61722644; 1 45 32 21 15; 1 6; 29-3-1932
90487476; 25 8 19 3 9; 10 6; 16-5-2009
18969602; 37 5 47 40 11; 2 7; 20-10-1999
18790293; 8 37 22 36 16; 3 2; 23-5-1941
75061456; 32 36 5 3 49; 6 2; 10-11-2009
96755129; 13 48 14 27 32; 7 8; 4-6-1990
45247815; 37 35 40 5 44; 9 6; 16-5-2002
13829248; 38 31 9 32 11; 6 1; 14-10-1912
18068126; 48 9 27 34 36; 6 4; 31-1-2007
73944427; 46 39 5 31 24; 1 9; 19-12-1998
01018485; 36 6 48 34 13; 2 9; 20-11-1949
45808123; 32 40 39 33 3; 10 6; 3-7-1906
49581497; 10 26 24 34 16; 9 1; 21-5-1901
43930845; 31 38 9 10 45; 2 1; 27-7-2018
37875693; 16 23 10 40 43; 10 5; 15-9-1915
73689196; 15 40 5 49 9; 4 1; 16-3-1995
29122423; 23 46 9 41 19; 2 7; 12-9-2017
18436791; 10 28 11 24 7; 10 3; 21-10-1901
05101384; 42 19 32 23 44; 3 6; 11-10-1976
43476254; 9 42 38 32 16; 1 6; 30-8-1924
87584619; 17 4 36 25 7; 1 3; 15-11-2009
78898310; 17 47 12 36 22; 1 6; 19-9-2021
58797195; 21 37 38 16 8; 6 7; 27-3-1903
72185597; 4 43 32 37 1; 4 6; 23-11-1975
62529537; 49 4 3 46 34; 2 10; 12-9-1964
53816024; 23 32 21 45 12; 9 10; 30-7-1998
13886752; 24 25 14 49 23; 1 5; 30-7-1913
22275789; 37 15 24 8 41; 7 5; 30-11-1989
64334374; 4 19 24 46 15; 1 10; 21-8-1977
71287547; 25 12 49 23 45; 8 1; 17-1-1980
82142587; 9 12 2 47 36; 9 7; 1-5-2000
03624121; 2 20 12 5 29; 1 8; 26-12-2009
84671542; 12 2 9 13 46; 7 6; 15-10-1940
42004185; 3 26 21 36 43; 7 10; 10-5-1935
39995361; 25 7 34 49 15; 4 8; 21-3-1962
07326402; 8 47 37 1 10; 8 9; 17-2-1924
21583174; 38 25 48 17 7; 4 1; 5-2-1992
65362525; 21 36 23 8 46; 2 6; 12-11-1900
78999991; 14 3 33 46 30; 4 3; 26-1-2002
04188847; 18 40 32 25 21; 1 4; 21-4-1911
44543163; 43 39 11 3 4; 2 3; 19-11-1932
82082181; 41 30 49 34 24; 7 6; 11-10-1991
11027987; 19 48 2 10 24; 5 7; 9-6-2011
00471664; 30 31 26 25 32; 3 8; 22-9-1977
30241217; 16 7 33 18 31; 3 4; 29-4-1909
23166944; 12 17 10 8 45; 2 3; 20-3-1930
53535506; 12 28 10 5 2; 3 7; 26-6-1996
31979685; 27 16 26 18 36; 10 9; 26-6-1917
07348288; 42 26 28 32 29; 2 10; 21-12-2019
34708466; 21 24 41 32 13; 9 5; 5-2-1962
41545416; 41 12 28 19 10; 9 2; 23-4-2009
10960633; 45 41 37 8 26; 1 4; 3-1-1905
75654651; 19 47 14 24 1; 3 10; 31-8-1987
94138204; 43 8 3 19 36; 10 8; 17-10-1946
26499319; 23 34 47 7 48; 5 3; 10-10-1931
01546758; 16 47 39 34 42; 5 10; 10-7-1982
20644397; 3 39 19 11 1; 2 7; 9-2-1943
17790214; 17 36 31 14 25; 6 1; 20-6-1974
61319203; 35 17 46 23 20; 6 9; 1-8-2010
25631282; 19 4 31 48 36; 6 9; 23-4-1955
01257422; 11 4 6 26 41; 5 1; 15-8-1969
12784768; 5 16 47 8 15; 4 2; 24-10-1911
56789901; 28 2 16 33 18; 6 7; 21-1-1966
50248466; 23 41 39 22 14; 8 2; 15-10-1928
33060984; 37 41 6 12 46; 3 2; 3-12-1944
26791899; 20 45 13 31 44; 10 2; 20-2-1995
52467035; 34 19 31 28 14; 5 9; 28-9-1987
57395187; 33 4 23 20 32; 7 1; 17-10-1986
56888250; 27 21 48 39 15; 7 1; 17-10-1983
59109106; 36 15 16 44 40; 1 8; 18-5-1969
62916301; 10 29 20 16 41; 6 10; 10-7-2010
10429500; 46 16 4 42 41; 1 2; 14-4-1948
60411523; 22 24 43 14 45; 6 5; 9-1-1922
50690439; 47 4 45 41 26; 7 9; 3-4-1920
79035436; 35 32 48 28 38; 1 8; 19-8-1938
02225701; 3 9 10 38 18; 10 7; 2-5-1900
35751613; 20 16 37 39 41; 2 6; 9-9-2014
91110812; 42 29 37 33 10; 5 7; 20-4-2013
75322892; 7 5 16 18 24; 9 5; 28-9-1916
56523002; 32 47 11 23 36; 7 2; 9-1-1928
80594464; 29 24 11 8 36; 1 5; 8-1-1984
64233671; 45 47 20 26 4; 6 3; 10-9-2015
20344175; 22 34 36 39 8; 5 2; 11-11-1959
49435393; 28 39 1 27 25; 9 3; 6-1-1902
35601836; 39 12 44 2 33; 9 8; 29-4-1900
77721163; 1 32 18 25 22; 2 9; 30-10-1906
56705611; 24 23 5 37 43; 10 9; 8-7-1936
35039381; 35 29 33 49 48; 7 5; 3-7-1998
36510815; 48 36 8 18 9; 3 2; 19-5-1984
75769901; 39 29 25 18 24; 10 6; 24-11-2009
99982131; 42 36 43 33 14; 7 9; 26-2-1929
40124731; 46 19 3 39 16; 6 3; 30-7-1950
78595545; 35 39 22 15 9; 6 7; 9-10-1916
69575779; 47 17 5 8 38; 2 7; 9-9-1938
08567107; 48 2 39 8 27; 5 1; 11-6-1970
13107011; 39 27 17 6 45; 1 2; 14-6-1999
52948202; 5 42 12 46 18; 3 10; 8-9-2013
00447293; 12 4 24 42 49; 9 2; 14-2-1972
92293294; 37 47 42 31 29; 8 9; 18-3-1993
84806227; 35 22 1 38 23; 9 8; 29-9-1934
92015300; 17 15 28 39 26; 1 7; 26-5-1906
71198206; 24 47 49 16 44; 9 10; 19-1-1956
23443202; 34 32 47 26 25; 2 7; 11-11-2011
58903564; 15 37 30 31 22; 9 4; 14-2-2005
36438621; 24 35 15 45 47; 7 10; 3-6-1906
96536507; 8 20 39 6 28; 2 4; 19-2-1985
53102971; 44 4 18 20 23; 4 6; 17-7-1910
15626048; 36 28 21 33 43; 10 8; 1-9-1927
12705661; 10 11 6 49 37; 6 4; 27-1-1923
90248616; 38 42 25 30 49; 9 8; 5-11-1991
82494782; 26 30 27 17 6; 2 8; 18-9-1906
75310820; 24 40 37 1 14; 1 4; 7-5-2006
57264010; 40 6 28 19 18; 4 10; 24-4-1910
95816829; 25 47 32 39 27; 10 7; 4-2-1911
30564103; 11 12 41 22 1; 3 2; 2-7-2010
35343571; 22 43 45 47 16; 7 3; 5-2-2019
80234727; 35 47 2 3 7; 3 6; 11-12-1980
10878751; 12 18 32 43 15; 9 8; 18-8-1998
23229721; 9 23 37 11 10; 10 6; 29-10-1908
45981381; 37 12 28 33 9; 9 4; 7-2-1917
17091080; 20 22 9 17 30; 7 1; 6-12-2013
50885311; 9 47 39 5 26; 1 8; 10-7-2004
18014351; 7 42 12 27 29; 5 10; 23-5-1952
16984660; 22 27 4 13 15; 9 1; 4-4-1990
39525584; 37 33 19 17 40; 3 1; 12-11-1938
42809454; 1 47 7 16 2; 5 3; 5-7-1987
74088500; 9 2 17 28 1; 1 5; 25-6-1986
26490468; 49 32 39 41 42; 3 1; 15-12-1913
26223056; 23 42 11 44 17; 1 2; 28-8-1901
12176203; 46 4 18 38 45; 2 1; 5-9-1984
89197639; 22 14 31 33 5; 7 4; 22-3-1989
25163653; 14 18 17 43 11; 7 1; 13-11-2003
03221387; 8 1 16 27 47; 4 2; 16-10-1966
43423639; 11 23 10 24 21; 10 5; 21-12-2017
62887685; 39 32 38 15 21; 3 7; 25-6-1964
56976123; 15 34 30 19 21; 8 6; 10-11-1916
84262342; 32 21 31 47 19; 3 2; 28-11-1999
16836317; 30 44 9 40 32; 10 9; 5-11-1940
44739655; 3 23 43 14 21; 2 9; 9-8-1922
64231416; 29 19 11 31 18; 1 7; 22-4-1973
08489436; 2 12 6 28 33; 2 9; 14-8-1957
80757064; 9 32 33 30 39; 2 1; 14-10-1951
64606185; 27 4 1 7 15; 2 4; 18-1-1945
80982551; 38 11 10 44 16; 3 4; 30-8-1961
61344550; 45 16 36 11 49; 6 10; 23-3-2002
70741572; 36 18 37 39 17; 4 6; 14-3-2003
25372651; 33 38 45 24 40; 10 4; 26-7-1988
18732360; 37 1 2 13 39; 9 2; 13-2-1987
18115136; 21 28 5 34 18; 2 7; 5-7-1918
78426841; 12 3 4 23 43; 4 7; 16-12-1964
81875102; 29 19 25 47 5; 3 6; 4-8-1931
98404940; 21 41 13 35 31; 1 2; 22-10-1915
47466576; 15 47 17 10 49; 9 8; 8-6-1940
37953241; 47 49 28 10 1; 3 5; 12-10-1994
12981491; 47 25 30 6 2; 8 4; 2-7-1970
59523875; 13 10 47 15 46; 4 8; 14-2-1943
62753164; 14 25 12 44 45; 9 6; 20-9-1983
38744456; 3 28 8 17 26; 1 4; 15-7-1974
29694316; 8 18 2 25 42; 3 1; 30-7-1922
15551487; 14 36 12 34 1; 10 8; 21-9-1986
12159788; 40 1 19 27 3; 4 8; 4-7-2000
27858037; 35 27 18 30 6; 5 9; 9-4-1972
41783631; 32 24 38 42 6; 5 3; 15-10-1979
54422178; 33 2 25 48 22; 2 1; 3-8-2003
17494818; 39 36 42 9 31; 1 6; 23-3-1965
39248392; 38 45 12 32 43; 3 8; 8-8-2018
28127331; 32 11 41 24 5; 3 4; 28-11-1962
88361833; 23 4 30 31 41; 2 8; 11-6-1986
41381718; 34 16 10 30 46; 4 10; 31-5-1993
68796887; 10 5 41 33 34; 1 10; 2-8-1970
52135324; 20 15 35 3 13; 1 8; 28-9-1944
99945997; 47 9 16 43 37; 6 7; 29-5-2005
10788889; 26 3 1 30 7; 6 4; 2-8-1998
57705019; 29 35 7 18 42; 2 6; 16-11-1989
81100481; 38 4 1 2 31; 1 9; 4-2-1912
77451221; 40 48 44 29 30; 2 1; 2-2-1958
06211269; 3 34 27 25 18; 7 8; 30-7-1924
38614253; 1 32 15 3 30; 1 6; 3-2-1962
52992508; 9 10 5 48 17; 3 2; 22-11-1933
51015889; 19 30 41 33 10; 5 1; 29-4-1914
01326837; 31 15 29 24 46; 2 3; 16-10-1923
57218544; 10 25 31 11 3; 9 1; 5-7-1949
68298078; 23 2 11 46 45; 2 9; 14-5-2015
89582935; 38 9 39 2 17; 9 3; 11-2-2006
59331648; 4 45 29 15 8; 9 2; 9-9-1989
84618832; 19 33 37 34 4; 5 9; 7-7-1966
16955276; 41 7 19 28 12; 4 2; 9-12-1995
60763694; 17 8 16 38 9; 7 9; 14-8-1926
59167527; 7 13 24 36 25; 10 5; 10-1-2015
96172278; 31 30 37 2 16; 2 7; 23-1-1998
81020197; 24 18 33 13 23; 10 5; 17-5-1955
55703763; 46 30 27 45 26; 2 3; 21-7-1935
40905757; 3 7 41 19 25; 10 8; 1-11-1967
60656159; 44 9 26 42 10; 6 3; 13-9-1919
90282298; 27 49 19 42 17; 7 8; 11-3-2013
46595277; 46 6 23 7 15; 8 10; 9-2-1922
13054588; 34 1 5 25 13; 8 5; 4-9-2018
60696765; 12 45 17 20 41; 2 5; 23-3-1957
88356428; 24 44 37 41 3; 9 7; 12-7-1947
61994553; 20 41 24 39 8; 10 8; 26-6-2008
60833988; 38 22 39 10 28; 1 2; 9-4-2008
31912684; 22 31 36 7 44; 7 1; 6-3-2018
97861956; 19 17 26 36 39; 2 8; 10-8-1956
80679239; 40 27 45 34 46; 2 1; 8-10-1954
68768977; 26 19 7 23 42; 2 9; 3-9-1900
19782359; 49 34 26 6 35; 2 9; 17-9-1988
79184272; 25 6 30 16 2; 1 4; 12-10-1973
89625780; 36 41 4 13 1; 10 6; 20-9-2004
62984421; 49 22 35 9 30; 7 5; 17-2-1968
24408345; 20 8 18 28 48; 9 1; 9-3-2021
21426580; 35 4 21 26 42; 3 1; 25-5-2017
99617232; 36 16 3 14 11; 1 10; 28-7-1947
86194268; 32 7 16 41 48; 3 2; 4-6-1979
33150904; 39 21 9 33 20; 4 9; 15-6-1943
01789414; 11 27 10 16 41; 6 2; 3-3-1939
48342511; 24 40 16 35 5; 3 8; 4-1-1968
28191258; 42 37 46 24 7; 3 4; 27-10-1937
31332686; 34 23 36 28 17; 10 6; 23-11-2019
32941849; 27 11 36 6 23; 10 2; 9-2-1995
17910752; 18 6 3 16 22; 6 9; 4-5-1926
74218116; 2 18 43 37 24; 7 2; 21-4-1905
75033924; 5 2 32 13 47; 4 2; 30-10-1967
84518362; 10 31 14 6 8; 9 7; 19-3-1984
27417546; 28 8 35 48 41; 7 3; 9-2-2020
28285185; 24 5 33 6 34; 7 2; 10-5-1990
02590768; 7 22 25 15 20; 8 3; 25-10-1910
86222398; 9 40 35 42 10; 7 8; 20-5-1965
29462057; 23 49 29 1 31; 10 6; 17-12-1997
52062793; 9 20 17 10 18; 2 1; 13-12-2011
13631268; 37 19 14 45 27; 9 8; 21-10-2000
93880290; 37 2 34 5 24; 3 2; 12-7-1926
63065779; 38 33 5 35 29; 2 8; 25-8-2002
17116997; 15 17 30 34 8; 10 4; 6-11-1956
94026442; 14 17 46 42 20; 1 2; 7-2-1926
76103439; 35 39 13 7 44; 10 7; 31-12-1923
89483769; 5 38 35 39 33; 4 8; 13-8-1956
72125130; 22 26 44 24 23; 7 9; 10-4-1926
55568757; 19 23 12 8 20; 5 7; 15-7-1970
44331373; 40 8 28 13 4; 3 5; 6-7-1929
81662695; 20 15 28 33 49; 9 7; 8-12-1937
31658345; 32 17 8 10 44; 1 10; 11-6-1987
37600049; 47 40 8 6 34; 6 2; 8-2-2016
06937405; 24 8 32 38 15; 3 8; 18-11-2003
96000980; 13 48 11 26 28; 1 10; 8-11-1954
63451495; 37 43 7 15 49; 1 5; 19-11-1984
44589510; 41 39 7 23 34; 4 3; 15-11-1972
17005924; 33 16 30 24 42; 7 9; 19-8-2000
13725666; 39 43 18 13 36; 5 1; 19-12-1922
17474417; 4 29 35 33 28; 6 8; 10-8-1961
32590847; 1 17 37 9 44; 2 9; 1-3-1998
31040140; 48 40 15 49 14; 2 6; 16-11-1922
15965773; 5 9 37 25 17; 5 9; 5-11-1944
46130041; 48 34 4 19 29; 6 5; 20-10-1902
53715883; 44 13 29 36 1; 6 10; 26-8-1906
24934497; 31 24 2 28 40; 4 10; 9-12-1944
00322237; 41 28 14 37 23; 4 3; 25-10-1959
00205883; 17 22 27 25 41; 7 3; 2-11-1922
50292823; 44 37 38 22 40; 7 5; 13-3-1979
40891848; 12 21 44 49 13; 5 3; 19-2-2001
32793795; 29 34 45 23 8; 3 5; 27-7-1980
67447383; 47 27 35 49 37; 7 6; 27-6-1955
22253356; 5 22 28 38 6; 6 4; 27-12-2017
50766987; 7 4 14 8 17; 7 6; 26-11-1920
16871354; 49 30 1 7 45; 1 9; 12-6-1905
11912190; 33 23 26 12 38; 5 7; 24-7-1912
13256941; 9 14 46 5 31; 9 2; 2-9-1950
47553280; 7 34 3 20 44; 10 8; 11-6-2021
55017016; 16 13 32 22 43; 4 7; 13-12-1932
53360639; 16 22 39 44 30; 10 5; 24-12-1987
02941646; 33 37 49 45 32; 10 9; 5-9-1947
67708278; 26 28 17 21 13; 2 4; 3-8-1953
04367843; 40 29 3 25 49; 1 2; 2-1-2012
79290278; 42 48 26 19 2; 1 3; 18-3-1986
96490691; 9 3 29 43 39; 3 8; 11-4-1947
79125536; 14 24 47 45 8; 3 1; 24-12-1961
71746519; 38 21 42 25 27; 1 8; 31-10-1908
15626598; 33 27 18 37 6; 3 7; 28-5-1956
40946666; 11 29 17 20 16; 3 7; 4-5-1992
34962888; 27 42 30 2 23; 5 10; 14-6-1998
37558253; 23 49 27 29 14; 4 6; 29-1-1911
54569054; 30 40 36 43 14; 1 3; 27-3-1913
34902687; 43 17 27 45 23; 7 6; 20-8-1921
90364030; 2 40 41 49 43; 4 2; 8-5-1921
08906957; 43 25 48 12 40; 8 1; 2-2-1947
42047251; 19 49 2 18 44; 7 8; 12-1-1941
16790238; 3 11 44 35 40; 1 5; 8-1-1907
30187862; 40 14 26 19 37; 5 3; 28-10-1928
72662496; 37 28 45 25 23; 8 7; 29-12-1931
97952691; 13 9 38 7 2; 1 5; 12-12-2017
01888691; 14 7 39 12 20; 1 9; 15-3-1992
65704986; 41 26 25 8 4; 9 10; 12-10-1906
47517580; 25 4 8 48 29; 5 1; 4-4-1955
89613312; 10 43 48 21 35; 1 8; 10-7-1909
58619131; 38 31 29 25 14; 6 9; 22-2-1997
27969283; 48 9 8 40 13; 2 10; 5-6-1901
68187727; 36 45 24 1 14; 7 8; 6-2-1963
79491325; 29 35 4 18 17; 5 1; 3-3-2018
98803023; 49 17 24 5 44; 9 5; 7-2-1901
35823308; 29 35 28 37 9; 10 5; 11-11-1904
71740882; 44 16 8 20 15; 8 7; 27-3-1979
77784607; 24 20 1 22 31; 3 9; 7-7-1968
36356505; 26 23 48 12 20; 10 2; 5-8-1992
45319304; 39 29 6 10 33; 8 10; 22-7-1919
91218322; 24 2 41 9 7; 9 2; 27-4-2021
11988119; 30 25 13 14 20; 4 10; 5-4-1964
32283770; 29 26 44 20 11; 4 8; 17-3-1973
83371075; 16 22 6 33 18; 1 8; 12-11-1932
28308368; 48 31 6 19 12; 9 1; 30-5-1950
42747355; 1 23 33 48 28; 6 4; 18-4-1999
44794215; 20 6 17 28 19; 7 3; 14-5-1926
75825926; 29 4 49 11 46; 8 2; 23-5-1970
81124137; 19 49 1 27 26; 9 2; 15-7-2004
77250074; 37 31 39 1 46; 9 10; 2-5-2016
09808852; 33 18 44 22 7; 2 8; 29-7-1902
57276106; 21 38 32 25 6; 4 5; 13-3-1998
59608697; 30 43 34 5 49; 6 9; 13-9-1926
61290136; 28 29 31 3 32; 10 7; 18-5-2000
67148199; 3 36 46 27 48; 8 9; 2-2-1905
76493343; 21 34 39 28 46; 1 8; 25-2-1911
76748532; 18 42 43 35 31; 2 8; 27-11-2015
41214722; 38 49 34 7 24; 10 9; 26-7-1901
07080140; 9 48 6 4 37; 10 3; 26-9-1932
57921576; 27 19 32 14 11; 10 2; 14-5-1974
50902357; 19 23 18 16 9; 4 7; 9-2-2021
87780929; 45 16 19 8 21; 1 5; 31-3-1997
76622308; 23 9 12 13 33; 6 10; 23-11-1939
25855454; 21 16 25 18 24; 3 10; 24-7-1964
36546538; 10 46 12 4 15; 10 3; 12-1-1907
25165866; 41 13 44 45 27; 4 6; 26-4-1902
65744068; 22 21 31 46 14; 4 3; 1-9-1984
79248382; 39 20 25 4 33; 10 3; 11-6-2008
47857778; 45 3 47 35 34; 5 1; 29-1-1944
36200301; 21 29 46 6 24; 5 7; 17-4-1903
03196903; 8 27 21 7 48; 7 8; 19-9-1931
40714177; 4 39 18 49 13; 4 7; 26-1-1974
22134012; 22 9 35 2 16; 3 2; 12-2-1928
75952772; 11 35 15 34 5; 1 9; 4-8-1934
14375592; 23 28 7 18 9; 2 10; 18-3-1974
52438470; 39 6 37 8 10; 3 10; 24-3-1962
64933921; 28 38 33 37 49; 10 5; 3-11-2002
07042067; 45 10 8 29 30; 9 3; 13-4-1961
69176936; 23 39 21 24 27; 2 10; 11-2-1964
86138110; 2 39 5 6 22; 3 6; 10-1-1991
06807185; 33 41 2 11 20; 9 3; 29-11-1999
77892458; 11 30 2 22 8; 5 8; 7-12-1957
65603574; 41 47 27 22 36; 6 9; 23-7-1988
19470526; 39 47 37 6 9; 7 10; 28-10-1978
90198930; 12 43 24 36 21; 8 9; 2-11-1923
99499083; 30 1 22 40 8; 10 8; 16-12-2014
79968369; 36 7 38 23 11; 4 10; 11-10-1990
97498380; 30 20 28 23 1; 3 5; 24-12-1939
65439911; 25 29 43 20 4; 2 8; 11-2-1913
16567657; 6 15 30 36 39; 9 3; 8-8-1965
09187829; 32 16 48 41 14; 2 5; 9-1-1965
28586889; 33 26 5 4 14; 8 1; 12-9-2006
81950031; 9 5 35 45 11; 5 10; 8-1-1937
08047837; 39 3 44 20 6; 8 6; 26-6-1911
23807841; 44 21 11 14 46; 10 3; 14-10-1912
51423210; 13 44 16 30 26; 7 2; 3-9-1954
66862382; 19 18 30 21 3; 4 6; 18-4-1941
74079794; 11 17 19 40 29; 6 8; 17-12-1939
80483994; 8 13 41 42 47; 7 2; 28-7-2014
62951261; 30 28 1 23 36; 7 4; 7-2-1955
55216246; 33 25 15 39 28; 4 5; 31-1-1918
75826809; 35 6 28 19 39; 9 8; 21-1-1942
83307081; 3 12 26 45 23; 2 4; 14-6-1989
54329191; 13 8 42 24 1; 10 6; 24-11-1948
86868256; 13 47 16 8 45; 3 4; 22-5-1943
27239555; 5 15 16 37 13; 2 5; 24-6-1910
57772820; 47 13 24 42 25; 4 1; 26-10-1936
72630482; 13 3 1 24 6; 9 6; 29-9-1912
01660952; 15 14 4 27 5; 9 8; 6-1-1976
73916351; 27 24 43 4 11; 4 6; 14-6-1977
89974664; 37 19 25 27 23; 1 2; 20-1-1959
83294240; 44 15 19 42 31; 7 9; 19-1-1939
59630579; 40 36 8 49 46; 4 7; 17-11-1976
72274927; 23 10 9 6 16; 1 3; 10-8-1983
79258149; 47 38 29 21 32; 9 5; 27-11-1991
92074183; 25 2 38 49 48; 2 1; 17-1-1945
10462957; 27 2 16 7 13; 9 7; 3-9-1965
53929093; 9 30 1 36 31; 10 1; 21-3-1961
39243340; 44 14 4 42 33; 9 1; 17-4-1969
57999827; 32 34 11 21 16; 2 10; 5-4-2015
17201810; 46 22 25 12 30; 6 7; 3-4-1914
54814873; 36 46 25 5 49; 3 6; 31-7-1950
40518050; 33 10 37 36 34; 1 7; 20-8-1979
86642442; 26 21 32 28 11; 3 7; 15-2-1924
20642567; 5 44 8 15 18; 1 4; 22-7-1951
05495206; 36 3 14 34 20; 6 5; 10-9-1945
37538966; 15 38 8 11 16; 2 10; 18-2-1968
33705598; 32 43 16 33 2; 3 5; 14-5-1914
54349332; 18 38 17 8 28; 2 10; 29-8-1902
40447956; 27 30 2 48 42; 4 5; 20-1-2013
72738370; 16 14 8 7 13; 9 6; 30-8-1967
99910869; 46 28 45 30 20; 4 3; 2-10-2013
86315033; 17 1 42 24 36; 4 9; 9-1-1939
53659790; 13 43 34 11 30; 2 1; 22-11-1937
39465643; 13 17 20 35 1; 4 8; 25-12-1998
68521115; 47 3 45 18 13; 1 2; 25-3-1980
76539814; 9 24 17 26 30; 8 7; 8-2-1909
45742696; 15 28 42 45 48; 10 7; 11-2-2005
49700740; 27 3 45 15 41; 1 8; 28-1-2004
16776934; 47 16 2 48 22; 7 1; 4-8-1936
92561993; 6 43 5 24 1; 6 8; 18-8-2009
53482361; 33 9 18 1 38; 10 6; 18-3-1941
18774651; 41 13 46 7 36; 6 2; 16-4-1999
83518627; 45 20 5 41 43; 8 1; 24-1-2020
74465451; 34 37 43 13 45; 7 5; 23-10-1932
16202094; 17 39 46 20 23; 7 8; 15-3-1940
34362588; 28 3 34 44 15; 5 4; 1-1-1910
10915046; 14 15 18 23 34; 4 1; 28-12-1999
71670473; 25 27 44 20 4; 6 2; 22-4-1928
53932618; 39 17 7 42 44; 4 3; 23-11-1980
41591707; 47 34 7 40 32; 1 6; 9-12-1963
47518823; 27 4 16 23 22; 5 3; 3-1-1999
36683654; 13 36 49 48 26; 6 3; 16-1-1973
49862271; 5 19 45 48 16; 10 8; 8-11-1988
39989032; 41 31 22 9 6; 8 10; 6-3-1918
49104884; 26 46 34 37 35; 4 8; 12-8-1986
85323804; 44 3 15 39 13; 7 8; 2-2-1962
47793237; 42 13 21 36 47; 4 10; 6-4-1964
23154843; 37 32 44 11 5; 1 3; 6-10-1913
92895669; 13 48 34 31 21; 4 3; 10-2-1900
71630458; 31 36 3 40 17; 1 4; 2-10-1993
89518238; 23 43 35 27 39; 7 10; 7-5-2009
80503780; 24 20 18 43 5; 2 9; 17-1-1980
93208206; 38 27 2 18 4; 7 10; 18-1-1925
61484643; 30 38 11 13 21; 8 2; 18-4-2016
85391238; 6 19 17 15 35; 10 7; 5-2-1943
58102524; 19 44 3 33 34; 6 5; 14-12-1963
02060288; 49 34 32 5 3; 8 4; 24-4-2009
44079965; 34 39 21 37 2; 10 5; 13-3-2012
76902352; 20 23 19 12 22; 9 7; 1-3-2005
83322586; 44 32 4 16 46; 10 9; 23-4-1958
53197182; 23 18 27 34 2; 4 9; 10-7-1990
14005908; 5 4 18 22 40; 9 10; 23-5-1918
73606386; 15 34 28 10 27; 5 1; 13-1-2006
82071767; 44 47 5 26 35; 6 10; 18-3-1950
96779090; 35 11 39 34 12; 6 1; 2-9-1930
89199536; 14 24 45 9 38; 4 9; 10-11-2004
95654166; 31 38 11 16 43; 8 10; 11-3-2013
83756147; 10 28 32 23 44; 10 1; 3-7-1994
96106773; 3 24 32 39 45; 3 5; 2-2-1995
35328633; 43 29 34 44 19; 4 5; 23-7-2012
09795994; 3 43 11 28 49; 7 1; 27-10-1969
00339950; 25 16 44 7 39; 8 10; 24-11-2020
31224019; 6 9 39 42 37; 9 6; 28-9-2009
24906473; 8 38 9 11 44; 5 6; 25-1-1903
94392801; 38 40 32 20 37; 4 7; 23-12-1938
23277695; 17 22 26 45 1; 7 8; 3-1-1935
46238232; 20 7 37 2 41; 1 3; 28-9-1972
54694319; 48 27 38 29 20; 1 2; 14-9-1916
74433374; 30 22 10 43 16; 3 6; 8-11-1961
98142438; 38 37 21 48 5; 6 2; 1-12-1908
06314659; 25 36 29 33 24; 4 9; 3-8-1919
69421848; 40 37 5 45 43; 2 1; 11-1-1993
92096597; 47 20 24 39 32; 6 3; 24-9-1976
04877104; 7 14 45 20 35; 6 5; 13-2-2001
03019961; 45 23 44 17 3; 4 5; 20-6-1940
50732827; 12 45 9 40 31; 6 4; 28-2-2006
56912885; 36 29 11 6 19; 4 6; 27-11-1969
91456802; 16 43 15 38 13; 4 5; 31-10-2007
05201083; 47 35 40 22 43; 8 2; 21-10-1990
05668030; 21 19 17 41 7; 4 2; 2-6-1965
97028618; 10 32 39 29 9; 10 7; 25-6-1998
58123625; 33 24 40 31 17; 3 10; 8-4-2011
72797010; 33 39 19 25 40; 5 4; 13-5-1942
86339753; 17 48 8 28 7; 3 8; 16-2-1999
73777028; 25 6 14 1 30; 8 7; 20-10-1965
62005863; 48 11 36 9 39; 6 4; 17-3-1918
09228511; 47 15 40 8 23; 7 8; 3-6-1980
15550804; 35 32 6 31 17; 9 4; 8-5-1985
23934319; 14 17 34 38 31; 7 8; 9-8-1981
97281725; 5 41 37 38 1; 5 10; 23-8-2012
83877388; 8 27 10 13 31; 2 5; 26-8-1901
36671236; 7 2 4 39 35; 5 2; 8-3-2007
07298998; 3 39 6 35 47; 3 9; 5-4-1934
35805484; 1 24 47 27 44; 6 1; 22-3-1976
26513352; 32 25 42 9 22; 5 6; 4-2-1934
56238167; 34 26 5 16 36; 2 1; 19-11-2001
00635983; 37 34 42 17 49; 6 4; 13-12-1982
21169981; 4 30 24 49 19; 2 6; 26-12-2009
12133915; 40 18 46 28 27; 4 1; 2-10-1994
92101367; 39 41 32 23 1; 2 10; 1-5-1955
64070861; 44 49 19 41 12; 7 1; 13-10-2012
37051047; 18 27 43 25 9; 5 7; 28-4-1961
93092865; 2 29 40 14 23; 4 10; 13-9-1906
45253194; 6 11 31 19 13; 4 8; 19-6-1904
20705748; 6 14 48 9 25; 10 3; 23-11-2013
73616465; 39 31 46 14 48; 2 9; 15-4-1958
38848446; 10 21 30 6 40; 2 8; 17-7-1958
29464975; 28 40 41 22 42; 9 3; 27-12-1911
33965345; 1 35 31 13 14; 9 7; 20-1-1923
62664882; 47 29 15 13 31; 8 7; 6-9-1939
58789732; 24 31 16 32 6; 10 3; 21-1-1920
92037027; 43 19 42 38 10; 8 4; 11-2-1932
48816959; 17 45 8 4 31; 5 4; 29-5-1974
30169958; 18 33 40 26 9; 10 4; 2-4-1951
47283453; 1 44 9 39 29; 9 8; 6-10-2014
34327657; 49 1 28 43 21; 2 7; 6-4-1998
30529094; 23 19 4 42 14; 2 9; 20-11-1994
43233887; 48 36 13 5 2; 8 9; 2-4-1922
42808008; 37 35 46 10 9; 3 8; 6-5-1969
18666957; 20 21 11 49 1; 5 7; 17-10-1944
35485099; 30 42 27 34 12; 3 9; 18-12-1923
34956787; 46 20 25 31 43; 5 4; 26-2-1991
31875161; 7 1 6 14 27; 5 3; 26-9-1987
16469216; 1 43 39 33 34; 7 3; 14-1-1982
82595869; 44 48 13 32 2; 9 10; 26-2-1964
91215376; 23 18 3 42 49; 4 1; 19-2-1924
85214597; 16 48 45 1 25; 5 8; 11-12-1949
57349725; 9 4 33 37 18; 5 8; 12-4-1958
12309692; 1 7 15 18 34; 6 2; 13-3-1921
09333985; 39 35 10 46 4; 7 3; 9-1-1972
53638503; 7 48 34 45 13; 8 6; 11-5-1971
21802336; 6 29 45 34 5; 7 4; 10-10-2010
39502025; 26 7 43 32 27; 9 3; 6-11-1918
89988505; 31 13 29 21 25; 10 2; 7-7-1973
29495127; 38 31 4 13 23; 5 2; 8-11-1961
25460207; 49 36 33 35 21; 1 6; 12-4-1981
21494330; 18 47 42 37 24; 5 10; 27-3-1965
79225032; 43 21 7 41 32; 5 10; 22-6-1927
27394081; 36 9 35 48 42; 5 4; 23-9-2018
66820806; 23 20 47 5 24; 8 10; 22-6-2005
15164750; 2 48 21 47 11; 7 2; 27-1-1908
77068169; 7 19 8 36 16; 3 7; 19-2-1951
06314321; 14 41 5 20 44; 9 4; 27-3-2007
81177203; 19 31 10 20 14; 2 7; 8-2-1971
19278273; 39 3 45 8 16; 8 4; 16-10-1976
67289348; 16 48 19 49 45; 3 4; 22-4-1937
22897409; 16 36 1 13 25; 10 5; 2-2-1976
06255786; 31 8 9 23 6; 7 6; 15-6-1919
79812507; 39 10 41 27 9; 9 8; 10-5-1913
98176894; 14 19 7 15 17; 4 5; 19-7-1995
79573097; 13 44 42 12 48; 1 6; 4-11-1999
48939666; 27 33 37 4 28; 10 6; 17-12-2010
91882848; 49 42 18 4 36; 8 6; 7-1-1949
93302311; 12 38 15 33 42; 4 6; 4-9-1999
20478978; 2 8 46 4 10; 5 2; 9-8-1932
82161261; 36 13 16 23 49; 7 3; 25-9-2010
06075275; 15 30 26 1 32; 9 10; 19-3-1900
32123465; 7 13 10 29 11; 10 4; 17-1-1953
11203463; 11 16 13 44 48; 8 1; 26-12-2020
34954083; 31 34 27 45 49; 5 2; 31-7-1993
10455369; 47 36 45 30 37; 3 7; 20-7-1963
77134835; 41 9 45 34 17; 10 2; 12-5-1900
31289215; 26 45 38 41 25; 7 8; 13-2-1956
06236675; 35 43 33 27 16; 10 3; 11-12-1939
27505826; 42 27 7 6 36; 1 10; 19-10-1966
79792426; 7 46 33 38 40; 9 8; 4-11-1926
73454843; 8 42 21 47 7; 4 8; 25-11-2020
24222522; 20 13 48 32 10; 6 7; 2-11-1947
94292588; 18 38 47 29 48; 8 9; 24-2-1909
06677020; 38 25 41 5 13; 9 2; 17-10-2006
69749293; 40 2 9 27 42; 7 1; 11-11-1938
23403666; 34 28 2 10 9; 9 6; 7-8-1941
57515207; 38 18 3 41 22; 8 6; 6-12-1913
48639920; 7 41 26 10 37; 9 5; 18-6-1958
97409179; 9 35 25 17 27; 8 2; 21-12-1965
04911562; 46 39 38 41 8; 6 2; 18-11-1926
84619965; 19 10 3 38 45; 7 1; 21-2-1968
41772087; 27 38 1 39 12; 7 6; 20-7-2021
53216151; 34 21 26 47 31; 10 8; 29-3-1928
31361991; 5 7 3 26 38; 6 5; 5-5-1938
35718630; 13 47 44 20 26; 7 3; 13-3-1988
26138176; 2 36 45 21 3; 6 7; 20-2-2011
52354275; 29 44 28 1 10; 2 5; 18-11-1926
33236420; 31 15 40 35 43; 8 4; 7-4-1940
03696336; 11 15 8 43 38; 4 8; 15-3-1943
47066973; 5 28 18 6 45; 6 7; 23-3-1900
14063504; 39 15 5 7 35; 4 3; 11-8-1902
31141565; 49 8 33 9 35; 6 5; 7-6-1971
97962451; 9 11 19 37 21; 9 10; 21-9-2012
85830743; 1 42 15 46 29; 3 8; 19-9-1914
11596007; 5 12 9 28 3; 8 2; 25-8-1973
27269194; 1 49 4 37 39; 5 4; 5-10-1919
29416891; 23 4 14 5 1; 4 6; 16-8-1976
90690777; 44 35 40 30 19; 10 4; 19-1-1987
48520842; 25 43 49 27 46; 8 10; 15-4-1922
75102141; 1 31 29 45 18; 5 1; 8-5-1959
43430176; 12 29 34 46 26; 5 2; 19-2-1953
44219816; 40 18 45 44 23; 6 7; 20-3-1990
00794893; 10 17 21 23 41; 5 4; 4-3-1947
48120359; 35 22 40 5 13; 9 2; 8-12-1973
26488686; 40 35 10 21 45; 2 3; 19-11-1914
78238504; 39 41 45 42 5; 2 9; 27-11-1992
74312311; 1 34 3 43 17; 4 5; 4-1-2003
76761849; 47 45 8 29 11; 7 5; 12-10-1985
96353026; 20 23 6 46 39; 8 2; 5-8-1977
82164899; 38 46 13 14 48; 10 7; 6-8-1975
58682712; 27 26 39 19 13; 4 8; 24-12-1920
84616525; 43 5 29 8 21; 3 5; 30-5-1978
84891521; 43 23 19 13 47; 7 5; 12-1-2008
11269642; 18 38 29 5 15; 1 7; 30-4-1947
99323446; 11 49 14 43 46; 10 2; 15-4-2001
24280409; 45 20 11 33 14; 5 7; 9-3-1973
14408385; 49 19 6 39 21; 5 8; 7-6-1909
28750755; 31 26 7 40 17; 1 10; 2-12-1964
37272084; 7 38 27 26 22; 6 7; 18-10-2017
71284122; 34 9 21 2 22; 7 8; 1-10-1968
97119358; 34 33 28 47 3; 8 7; 26-3-1939
80228472; 7 49 5 13 18; 7 5; 21-12-1996
47218854; 44 38 18 48 13; 10 6; 21-4-2021
43431206; 8 26 16 41 39; 6 1; 26-12-1925
36960280; 13 49 27 23 36; 4 2; 25-11-1908
19362561; 15 31 43 33 41; 2 3; 13-6-1927
07494794; 17 41 31 39 46; 10 5; 6-3-1971
67569405; 23 5 44 32 18; 4 9; 24-9-1977
26585277; 10 8 24 40 39; 8 2; 14-10-1997
42137980; 1 36 34 16 38; 10 1; 1-10-1937
03225121; 14 7 31 16 37; 7 4; 24-1-1943
75168061; 30 48 14 35 13; 9 1; 18-3-1952
42174663; 4 43 28 2 17; 6 5; 5-4-1974
43418059; 40 45 22 36 43; 3 5; 10-7-2003
74294347; 1 19 36 4 16; 9 10; 3-8-2007
72276295; 22 4 14 9 42; 3 1; 14-3-1957
74369586; 3 38 48 7 32; 8 1; 26-2-2003
23437274; 14 13 37 28 34; 9 1; 9-1-2008
04869894; 29 15 45 8 43; 10 1; 29-7-1945
48136820; 22 9 3 24 18; 8 3; 6-7-2014
03971878; 22 6 46 44 19; 8 9; 8-9-1948
44461307; 40 12 21 7 6; 3 7; 21-9-2018
52281804; 8 43 20 36 6; 8 2; 6-5-1983
61703411; 6 8 23 10 3; 4 5; 25-2-1983
49222739; 47 49 20 18 6; 9 3; 14-1-1914
76414057; 32 45 38 37 15; 8 7; 10-10-1938
70010405; 47 25 12 17 6; 8 10; 11-5-1996
18874780; 19 27 3 6 7; 9 2; 30-8-1905
44674656; 6 45 49 14 46; 4 5; 15-2-1929
25498134; 12 28 39 32 42; 2 10; 24-6-2012
93991350; 17 29 31 3 1; 10 8; 18-5-1948
77213481; 22 49 8 17 2; 8 10; 27-6-2017
89981126; 21 46 32 40 12; 5 1; 1-4-2005
49451175; 6 24 2 38 47; 8 9; 18-3-1960
85065144; 11 39 29 15 43; 2 4; 15-12-1931
13172375; 24 30 3 34 31; 1 9; 21-9-1906
83598365; 2 44 16 43 35; 10 6; 25-1-2020
97425447; 24 10 39 23 13; 9 2; 4-8-1920
52384816; 12 1 16 46 43; 3 10; 4-2-2007
93708646; 30 45 19 15 4; 3 8; 25-12-1908
66581303; 26 47 33 15 29; 3 8; 3-3-2003
35670182; 6 4 21 49 27; 7 4; 20-8-2010
00616790; 7 10 9 15 49; 1 7; 29-4-1929
87613961; 27 7 19 26 39; 5 3; 28-4-1949
09306556; 21 13 3 45 12; 2 5; 9-9-1942
32936086; 43 36 21 22 31; 3 4; 12-12-1963
07495452; 47 1 20 46 9; 6 1; 10-6-1942
20769155; 47 7 16 2 20; 6 1; 15-7-2005
23223330; 42 5 28 23 48; 4 2; 29-9-1916
80222337; 23 4 18 6 42; 1 5; 19-8-1926
85893463; 28 26 44 46 25; 7 4; 20-8-1978
77275936; 38 43 44 13 45; 4 6; 12-6-2000
64232140; 47 35 32 31 49; 3 1; 19-3-1968
70840598; 11 41 13 46 7; 6 5; 10-3-1956
40103620; 13 21 34 25 47; 9 2; 30-1-1908
51518759; 39 10 7 6 3; 8 10; 22-6-1919
51518537; 42 33 43 40 12; 5 7; 1-5-1966
26613126; 27 13 14 35 33; 4 8; 17-6-1996
26444229; 17 29 13 5 46; 9 8; 10-8-1959
03165096; 5 31 36 7 48; 6 1; 22-5-1962
23322485; 14 6 46 45 33; 7 3; 5-2-2007
22262883; 38 32 13 44 34; 1 7; 11-10-1902
22102889; 38 40 14 18 19; 10 8; 19-1-1970
62872238; 1 6 20 4 37; 10 7; 7-1-1906
58920694; 19 37 8 43 36; 4 9; 30-10-1925
29503487; 38 40 46 25 10; 6 5; 22-9-2002
12445081; 44 6 13 17 47; 5 9; 15-10-1955
93594906; 36 28 32 1 33; 4 9; 15-3-1933
42105686; 3 24 44 34 7; 1 9; 17-5-1983
15594879; 31 28 34 41 48; 5 3; 5-7-2016
12524082; 26 20 31 44 40; 7 8; 9-3-1924
45475134; 6 35 19 16 15; 5 8; 1-9-2015
37064883; 6 44 40 10 46; 3 9; 27-9-1907
15233810; 36 15 49 7 25; 2 10; 4-1-1929
72540212; 7 43 32 45 20; 8 4; 10-6-2006
13129199; 12 47 24 3 41; 4 6; 7-5-1922
16939423; 25 31 24 46 41; 10 8; 3-6-1902
43499108; 28 29 36 35 12; 3 2; 5-3-1940
41640196; 4 18 8 20 3; 1 4; 3-12-1981
37432896; 21 23 24 39 19; 5 2; 2-8-1981
55966098; 46 37 2 7 11; 7 4; 3-9-1949
13982655; 47 32 49 41 26; 5 10; 26-5-1991
07720805; 16 8 28 9 49; 1 5; 16-4-1940
36179815; 47 12 43 34 44; 6 10; 20-5-1906
61153273; 40 41 8 4 11; 5 10; 9-1-2018
95604303; 19 2 36 25 43; 3 4; 9-11-1982
77339907; 44 39 40 15 42; 2 8; 31-7-1952
77903830; 6 35 26 32 11; 1 3; 19-4-1916
38368740; 34 39 48 35 11; 10 6; 25-2-1978
38922135; 13 41 32 25 26; 10 5; 30-11-1958
45706310; 7 13 38 26 16; 4 10; 4-7-1942
06618231; 28 46 37 25 21; 4 9; 29-1-1972
92898093; 31 42 18 15 7; 5 8; 17-7-1981
15582666; 23 26 38 21 1; 6 2; 22-1-1923
85163915; 26 29 20 27 8; 9 3; 30-6-2009
84196218; 8 43 4 7 12; 7 8; 2-1-2003
22922557; 6 18 11 42 5; 1 10; 15-4-1968
35938137; 8 6 24 23 38; 9 8; 16-3-1957
65350054; 42 43 33 22 34; 2 8; 31-1-2012
80310266; 47 49 9 2 34; 7 2; 6-9-1936
73786740; 36 47 10 30 40; 7 1; 19-11-1945
47190133; 9 24 2 26 10; 5 10; 28-9-1993
91527340; 47 29 18 2 6; 10 7; 15-12-1973
82061134; 31 26 9 4 21; 10 5; 24-12-2005
13983352; 19 49 41 29 6; 7 10; 3-11-1951
47871322; 43 27 38 42 30; 2 10; 27-4-1996
03808909; 38 34 1 35 10; 5 2; 13-6-2013
60870536; 4 33 18 30 26; 9 4; 16-6-1940
49463432; 22 41 15 3 13; 4 3; 21-11-1986
79062227; 28 12 5 8 33; 5 9; 19-7-1912
25084131; 27 3 36 22 18; 5 10; 4-12-2012
90742404; 44 37 14 3 16; 8 2; 14-8-1956
02634939; 16 39 49 21 30; 8 3; 25-7-1998
61472019; 27 12 11 29 13; 4 2; 18-4-1923
90461261; 19 2 30 38 31; 1 9; 29-7-1901
89514563; 45 22 7 9 14; 2 4; 12-1-1933
85047940; 32 4 11 39 9; 5 9; 14-11-1979
84574324; 17 36 34 1 37; 3 10; 28-3-1942
53716492; 32 20 28 34 11; 8 7; 19-12-1924
32487138; 32 11 33 27 34; 4 8; 21-12-1915
27688558; 32 11 36 24 30; 1 6; 31-3-2018
98079771; 19 9 1 25 33; 1 6; 12-7-1925
05383893; 6 15 14 20 44; 7 3; 13-3-2013
53676130; 29 5 7 19 41; 2 8; 18-10-1950
43095202; 48 22 2 29 45; 7 1; 21-1-1942
89696547; 15 38 13 14 19; 9 6; 28-5-1900
21550446; 13 34 26 37 18; 3 4; 19-4-1961
15527450; 14 19 13 5 39; 8 6; 9-9-1952
85255034; 45 22 11 18 28; 10 5; 12-3-1924
25107074; 12 42 46 21 18; 6 4; 15-11-1925
76404870; 12 13 4 17 9; 10 1; 5-2-1979
98012365; 45 29 7 5 24; 7 6; 20-4-1969
79979611; 44 27 39 17 16; 9 1; 15-9-1982
88583411; 33 8 6 38 37; 5 10; 8-10-2019
50244179; 11 7 27 22 47; 7 5; 2-2-1984
61679460; 16 7 20 49 27; 7 4; 17-8-1962
80845031; 34 14 3 27 5; 4 1; 25-10-1960
50095610; 13 25 16 39 17; 5 3; 7-7-1900
84900673; 25 42 31 3 11; 5 7; 30-12-1929
14910615; 13 22 42 19 21; 9 5; 20-4-1904
60819074; 27 37 42 23 13; 1 8; 9-10-2006
23370726; 21 38 13 39 12; 3 10; 10-3-1930
44159855; 3 17 37 7 2; 9 2; 9-8-1951
09275159; 45 31 19 26 48; 7 10; 29-8-1927
52924626; 34 48 1 27 37; 7 8; 8-2-1941
14874929; 32 25 45 4 49; 9 2; 9-2-1927
51106278; 37 48 8 30 39; 10 4; 7-6-1921
94148954; 47 18 2 43 13; 1 7; 11-12-1906
86521766; 35 44 18 42 8; 8 1; 16-2-1948
43271984; 15 35 45 47 38; 7 2; 2-11-2012
28775520; 6 41 43 18 22; 5 6; 11-9-1981
75789330; 2 25 48 30 18; 9 7; 24-7-1979
09331051; 44 48 42 15 49; 8 9; 10-1-1999
04382273; 13 8 2 23 49; 1 2; 6-9-1911
84774550; 20 25 15 31 41; 7 6; 9-6-1955
48568627; 17 24 42 18 22; 9 1; 28-3-2004
62602939; 33 11 23 20 41; 5 1; 5-9-2008
34817909; 11 47 40 6 37; 1 5; 23-3-1974
76799151; 5 6 44 32 17; 9 4; 11-7-1998
88974807; 10 35 44 47 34; 4 5; 12-3-1958
20212303; 43 29 22 23 45; 4 2; 21-10-1928
48220508; 49 18 17 14 37; 9 8; 1-7-1940
24341633; 24 30 7 42 15; 9 1; 11-1-1938
70379421; 20 21 7 35 6; 9 6; 4-9-1900
60849756; 19 49 38 44 7; 8 2; 14-8-1921
48034251; 43 25 6 15 34; 5 8; 12-3-1904
95556415; 37 6 28 23 36; 10 2; 10-8-2011
26837811; 31 9 40 23 12; 7 4; 2-11-2011
71222616; 18 15 44 43 39; 10 4; 11-6-1976
63180467; 34 27 9 29 16; 4 3; 22-3-1914
91677483; 22 21 10 33 2; 6 10; 19-1-1993
97030610; 33 25 24 6 47; 4 1; 2-9-1918
25184494; 44 6 8 36 16; 4 9; 28-2-1978
70303799; 29 39 34 21 14; 4 7; 25-8-1994
97664050; 12 46 24 49 28; 7 10; 10-9-1932
02619224; 10 38 1 41 17; 9 1; 11-12-1973
70118724; 49 17 37 13 1; 4 3; 8-5-2008
94441716; 1 13 38 29 36; 3 5; 19-3-1921
02009617; 9 13 22 14 28; 1 4; 16-8-1984
88019694; 21 2 8 24 7; 10 6; 5-9-1936
13698725; 2 45 5 42 23; 8 3; 10-3-1909
30977749; 42 33 26 49 46; 9 3; 30-8-1998
70898512; 27 2 16 28 14; 9 2; 17-7-1979
20277482; 46 20 47 11 40; 9 6; 1-6-1903
56287726; 47 44 23 35 9; 10 6; 9-4-1934
38720834; 32 1 22 15 8; 7 8; 22-12-1986
73163014; 24 23 46 45 20; 4 7; 3-5-2003
86433740; 36 18 11 31 6; 3 5; 21-12-1967
70382541; 14 29 35 4 18; 1 8; 8-10-2014
84578267; 5 37 38 11 36; 1 5; 14-4-2005
99497530; 9 47 38 14 39; 4 3; 19-4-1930
91397331; 41 5 29 40 3; 9 5; 29-7-1954
31357906; 31 16 42 6 32; 10 3; 31-8-1974
19541124; 16 18 36 26 22; 3 1; 20-9-1940
03751312; 15 22 7 29 18; 5 8; 8-4-1919
56803813; 40 15 26 36 21; 4 10; 6-11-1914
94033477; 17 19 18 14 1; 1 4; 16-11-1943
59121763; 46 43 37 4 22; 4 10; 5-4-2017
15112114; 4 46 16 5 1; 3 10; 13-9-1924
15295868; 24 19 31 4 23; 5 4; 11-2-1979
45003266; 19 26 7 38 28; 7 10; 7-7-2001
53456326; 14 46 10 43 33; 2 3; 13-11-2000
54568203; 23 22 41 24 4; 5 8; 15-2-1965
