09278366; 5 45 3 26 12; 5 6; 7-1-1990
97140983; 35 40 15 12 5; 10 3; 12-7-1998
92862587; 27 12 13 38 9; 10 7; 2-2-1901
34847005; 3 30 36 4 28; 5 2; 22-1-2007
52693683; 39 31 21 8 43; 6 2; 21-11-1905
44775308; 17 39 9 36 42; 3 7; 9-11-2012
21297524; 30 15 13 10 20; 3 4; 30-6-1926
59715332; 48 31 27 15 46; 2 8; 3-8-1955
47275212; 25 34 13 30 14; 5 7; 15-3-1937
72614355; 8 46 17 40 42; 9 1; 10-8-1957
30252997; 45 32 23 36 46; 3 7; 14-9-1935
52318533; 5 38 45 9 28; 6 8; 1-3-1945
38014276; 8 17 38 19 10; 10 2; 16-1-1995
22169453; 1 47 32 15 45; 3 7; 10-11-2017
15161845; 49 13 14 37 30; 2 3; 26-7-1965
47447709; 13 9 46 26 35; 8 2; 12-7-1950
12483624; 27 2 47 1 4; 2 5; 18-12-2020
10111860; 26 29 39 17 41; 4 7; 1-8-1921
07654799; 38 30 4 20 44; 2 10; 12-9-1923
76197613; 49 33 18 8 3; 3 1; 20-12-1997
52369405; 13 10 15 27 19; 7 9; 11-11-1956
39655967; 40 10 29 32 17; 8 4; 6-11-1918
49233593; 45 30 32 46 18; 4 7; 21-12-1998
42686993; 36 45 38 18 30; 6 10; 27-8-1973
13817525; 16 15 31 43 35; 3 2; 9-12-1947
85723951; 31 37 38 45 34; 5 3; 7-11-1987
86161757; 49 34 18 27 3; 7 5; 11-10-1958
11111163; 29 20 6 35 11; 5 3; 9-12-1904
64273044; 21 28 48 22 5; 6 5; 13-11-1925
00851089; 26 7 9 38 44; 9 7; 30-7-1982
73054536; 2 21 34 4 36; 10 7; 20-8-2002
04470148; 18 29 24 2 17; 7 3; 1-8-1958
62170521; 34 3 29 1 8; 8 9; 2-1-1949
79644129; 16 31 6 26 17; 4 8; 11-9-1987
02876697; 14 24 34 11 3; 7 1; 31-12-1991
64699391; 5 24 48 42 13; 9 5; 21-12-1934
93290027; 17 28 14 22 26; 4 7; 25-2-1987
38848808; 38 39 47 7 35; 5 1; 3-12-2018
59562955; 29 44 36 30 24; 4 8; 22-6-1926
43932537; 29 9 16 43 40; 4 9; 13-1-1966
06733811; 23 22 13 26 39; 4 3; 8-3-1909
14799201; 1 25 49 10 5; 4 3; 21-12-1986
94455296; 28 9 37 2 7; 1 2; 26-11-1977
32408195; 12 19 13 20 27; 2 7; 4-8-1993
48054634; 40 31 39 18 19; 2 9; 10-9-1996
64932927; 28 34 10 6 36; 5 10; 13-8-1926
38332383; 28 48 18 47 7; 10 8; 5-5-1971
92350093; 2 4 18 3 24; 8 4; 26-2-1967
78218098; 21 11 9 6 12; 5 8; 13-1-1908
64108927; 45 43 46 18 47; 3 9; 18-12-1961
58755605; 14 28 11 37 15; 1 10; 25-10-1950
92074329; 48 22 1 25 42; 4 8; 20-10-1992
02214708; 6 17 1 11 49; 6 5; 11-9-1908
16086775; 3 37 36 25 28; 3 8; 4-6-1951
12244180; 17 43 1 24 4; 9 6; 3-3-1914
00560607; 38 48 33 34 12; 10 1; 23-10-1996
82671520; 2 16 24 37 4; 3 7; 25-11-1931
46977414; 28 10 45 33 47; 8 6; 30-12-1901
40907539; 17 47 39 16 21; 1 8; 16-2-1939
18187253; 33 32 1 37 30; 7 6; 15-6-2010
57821400; 8 7 24 15 1; 10 2; 29-5-2018
29337050; 48 7 47 4 40; 7 6; 6-9-1993
70637807; 45 33 49 19 40; 4 9; 20-9-1927
05852878; 6 35 38 37 32; 9 3; 28-8-2016
86288552; 1 48 31 20 26; 1 8; 25-9-1982
55260814; 49 43 29 40 17; 2 10; 31-7-1979
71380998; 29 23 10 7 5; 3 2; 2-9-1905
81229515; 6 42 14 5 12; 9 3; 30-6-1936
40518954; 36 27 38 17 12; 5 1; 7-6-1995
71075355; 28 33 27 37 49; 2 6; 12-3-1990
05315028; 44 32 19 34 3; 1 2; 10-6-1947
40901261; 45 43 36 5 6; 7 5; 21-8-1952
61153024; 16 29 41 20 43; 2 10; 12-8-1915
78929042; 13 39 9 28 46; 2 9; 16-3-1994
45364279; 45 35 27 23 39; 8 5; 21-1-1947
87856331; 10 16 39 9 25; 9 3; 10-2-1965
11124731; 3 43 10 28 14; 5 1; 22-1-2018
96225616; 24 36 8 26 13; 3 5; 4-3-1949
13300405; 36 26 37 21 1; 2 4; 9-8-1928
44302984; 38 2 3 21 7; 2 8; 20-9-2020
36812597; 21 17 44 2 11; 5 3; 8-6-2005
26772762; 22 7 2 29 19; 8 5; 23-2-1936
69820043; 23 4 29 30 10; 9 10; 20-12-1920
61511373; 9 32 17 20 22; 1 2; 15-1-2001
62174822; 36 2 26 3 8; 10 5; 11-3-2021
60236444; 15 8 34 2 28; 2 9; 7-9-1922
09219167; 5 35 26 7 11; 4 8; 17-6-1971
45184214; 40 17 10 5 22; 10 1; 7-10-1928
42018024; 19 43 45 14 12; 8 3; 21-2-1902
66607023; 4 45 44 16 49; 2 7; 29-9-1972
80777018; 25 39 26 29 14; 1 7; 18-10-1956
79885389; 1 22 14 5 12; 7 6; 4-6-1910
52960732; 48 9 35 5 17; 4 7; 15-9-1997
68227262; 14 39 31 11 40; 4 10; 1-4-1967
52275309; 31 47 9 28 7; 8 6; 13-6-1966
17826259; 46 29 38 44 23; 2 7; 1-5-2016
27047498; 21 15 12 32 33; 8 4; 7-12-1974
79883641; 39 9 34 49 22; 2 5; 30-12-1904
85967847; 21 48 30 19 34; 8 10; 7-8-1927
80226806; 2 28 5 4 23; 2 7; 9-6-1953
41854872; 15 48 37 25 42; 2 1; 14-4-1931
09932601; 8 9 16 37 45; 3 9; 11-2-2006
76573008; 29 37 12 35 46; 4 9; 21-2-1991
42456881; 30 7 41 32 26; 7 4; 31-7-1934
85588438; 5 24 40 3 36; 10 7; 21-12-1989
82334576; 18 17 29 12 43; 8 10; 31-1-1982
90119565; 41 47 7 49 11; 1 4; 16-11-1907
17034314; 5 11 44 26 45; 3 5; 19-8-1994
58833785; 36 20 29 18 45; 2 10; 28-4-1999
50766982; 28 36 5 11 27; 4 1; 10-5-1968
55159582; 46 21 45 9 32; 9 10; 17-7-2016
54622358; 4 8 28 24 36; 6 2; 2-2-1916
89447099; 22 35 5 44 24; 2 9; 5-8-1942
24954605; 38 4 24 36 15; 7 3; 30-5-1969
52280644; 40 21 47 26 44; 10 7; 15-4-1919
98986757; 15 24 1 17 35; 2 4; 16-2-2009
55446859; 43 20 9 39 26; 4 1; 18-6-1944
69132608; 22 27 15 48 8; 2 1; 16-12-2011
56542469; 44 36 13 32 35; 4 9; 25-1-1974
04924599; 49 30 45 18 29; 9 8; 14-9-1910
73913884; 3 20 5 13 1; 9 8; 16-1-2001
73245087; 29 8 19 40 31; 6 2; 18-7-1995
93306502; 12 22 47 20 13; 10 2; 2-12-1961
25290045; 25 10 9 36 15; 6 10; 6-2-1927
06944864; 35 37 33 16 2; 2 5; 25-5-1941
26741659; 17 12 38 29 4; 1 2; 16-6-1924
63739205; 33 3 31 4 32; 8 10; 29-4-1996
37953737; 22 49 9 43 33; 10 6; 22-10-1998
79481943; 35 14 40 41 1; 2 9; 10-8-1925
41776103; 36 8 1 13 34; 5 2; 29-3-1968
45106189; 46 24 25 32 30; 7 6; 12-4-1947
95340198; 45 47 11 43 42; 1 3; 2-2-1908
06720259; 1 34 13 7 47; 5 9; 21-12-1985
66935801; 7 5 15 44 3; 9 2; 4-3-1934
64605240; 34 2 35 30 43; 4 7; 30-12-1910
69172752; 44 21 48 38 36; 1 5; 27-4-2010
20802683; 33 48 37 47 38; 9 6; 8-3-1967
44507834; 42 38 48 9 39; 4 5; 9-4-1924
27032286; 28 8 44 23 31; 6 2; 27-11-1962
35187984; 5 30 49 8 36; 10 8; 23-5-2010
40623588; 12 27 45 47 6; 1 10; 19-11-1903
69925176; 22 49 34 41 17; 4 1; 15-6-1915
17373797; 6 28 20 45 29; 4 5; 9-11-2001
88219676; 10 44 48 17 2; 7 2; 20-6-2007
61534587; 39 8 13 16 30; 7 6; 2-11-2014
44864475; 26 43 25 23 28; 6 5; 14-4-1992
00869646; 25 8 43 15 18; 2 5; 14-5-1915
90557564; 16 28 21 26 42; 3 8; 27-11-2020
03349153; 15 3 47 17 6; 3 4; 14-9-1985
06404346; 2 23 8 24 12; 1 8; 27-5-1971
28666825; 41 15 39 27 28; 4 10; 12-9-1900
18046936; 32 22 23 38 46; 7 5; 18-2-1945
12070741; 24 20 46 1 40; 4 7; 23-1-1920
89500866; 37 41 5 6 28; 1 6; 2-1-1902
64837534; 2 21 4 27 6; 5 3; 14-2-1932
03457042; 2 46 13 40 23; 6 7; 23-1-1914
50048640; 49 45 39 6 14; 3 6; 25-2-2020
91092667; 12 32 42 49 28; 8 1; 3-3-1939
11914258; 36 30 34 42 40; 1 2; 25-12-1967
73539262; 48 11 14 5 38; 3 5; 22-7-2017
98641342; 9 6 4 29 36; 4 8; 11-5-1974
24009858; 16 46 32 39 24; 3 1; 25-2-1936
42278693; 40 37 32 8 27; 5 3; 6-9-1951
48484076; 17 26 14 34 23; 7 3; 9-5-1965
93771406; 41 7 24 42 9; 10 3; 11-2-1908
18286247; 16 13 46 25 8; 6 7; 21-4-1948
87394959; 31 22 35 6 8; 1 5; 7-11-1921
58649427; 14 11 39 15 47; 9 3; 29-7-2004
38784728; 35 47 19 11 21; 8 10; 21-11-1982
90618683; 33 11 15 43 8; 2 9; 30-4-1927
70142690; 17 48 35 7 4; 10 9; 21-11-1975
64459648; 34 32 7 24 48; 3 8; 12-6-1901
25420088; 46 24 42 17 16; 2 5; 12-9-1925
03456163; 32 24 47 17 48; 1 2; 9-8-1918
22510442; 6 30 19 13 20; 9 3; 25-10-2020
18278655; 31 41 42 9 44; 4 2; 27-1-1920
90122327; 20 9 11 43 5; 9 1; 12-12-1904
13131449; 19 4 7 26 15; 3 2; 4-12-1972
39665562; 17 38 21 15 34; 5 10; 5-10-1999
11558887; 5 2 19 36 18; 6 7; 28-10-1979
89864483; 4 38 46 19 20; 2 9; 8-7-1910
65592692; 10 22 12 29 44; 4 6; 12-3-1991
30439775; 40 31 43 49 12; 2 6; 23-7-1909
46671648; 48 6 47 14 15; 6 3; 6-7-1991
42459134; 41 12 26 1 36; 8 2; 7-11-1953
93792212; 3 17 43 2 26; 6 9; 12-2-1914
09908388; 16 15 17 35 3; 9 2; 9-1-1952
35870375; 39 27 35 41 21; 8 5; 23-8-1997
89420783; 47 32 4 39 15; 1 7; 24-4-1908
24132391; 22 32 47 1 40; 8 1; 8-10-1962
35058338; 17 29 48 39 9; 3 5; 9-12-1983
19497331; 48 4 8 22 14; 8 3; 29-6-1946
23787835; 10 40 34 12 16; 9 4; 17-5-1981
68263356; 37 40 27 24 17; 4 10; 15-4-1970
34469823; 16 48 10 26 37; 5 6; 27-11-1920
35465373; 24 28 5 16 48; 9 5; 12-11-1951
83576036; 24 26 49 33 42; 10 6; 14-11-1938
33345434; 2 11 30 39 34; 6 2; 28-10-1929
49433583; 34 30 13 38 44; 7 6; 27-9-1901
92050627; 20 18 5 35 45; 2 3; 23-7-2018
79967592; 1 6 43 36 8; 10 7; 4-4-1965
03366446; 18 37 45 25 15; 4 1; 28-12-2014
45552606; 36 10 2 30 17; 1 9; 25-5-2007
83704941; 27 5 6 47 11; 1 9; 1-1-1967
25814135; 15 16 45 12 43; 7 5; 25-8-1961
59232323; 44 41 24 17 6; 8 7; 10-3-1958
03878014; 35 21 14 25 49; 2 7; 29-7-2011
98262367; 38 11 6 15 7; 6 9; 13-2-1914
88827106; 21 30 38 39 46; 10 4; 11-7-1981
13681905; 49 8 29 36 14; 1 10; 4-6-1904
51413867; 29 40 9 46 44; 1 6; 1-2-1919
16935689; 2 5 28 15 48; 7 3; 27-6-2017
39007192; 44 37 34 20 25; 9 6; 21-4-2020
88408089; 41 32 20 46 15; 1 3; 16-1-1919
00319901; 46 8 34 44 10; 1 10; 1-4-1908
85161204; 3 16 2 4 7; 9 7; 1-12-1975
92354261; 4 37 18 28 11; 4 2; 22-4-1912
72154681; 27 20 32 23 35; 10 8; 16-1-1934
99572595; 44 41 1 6 32; 4 1; 5-7-1900
84056040; 38 5 6 35 8; 1 9; 15-11-1936
78463636; 9 24 39 34 33; 3 9; 29-10-1942
04051195; 9 43 45 19 7; 4 10; 6-1-2002
88106871; 23 24 12 3 28; 1 5; 1-4-1983
22940338; 45 6 29 5 37; 10 7; 22-7-1973
36349277; 11 28 8 26 14; 8 10; 28-5-2000
37175478; 21 16 2 12 14; 6 4; 28-4-1910
53280816; 10 45 44 32 13; 3 7; 11-3-1931
49664448; 30 32 8 18 10; 7 8; 27-6-2015
26897972; 29 25 21 14 12; 2 5; 9-12-2016
81482564; 8 39 34 42 14; 9 10; 7-3-2018
77722763; 23 41 13 49 17; 5 10; 22-2-2010
47766945; 1 48 9 12 7; 8 7; 5-3-1992
48997028; 34 8 25 2 22; 7 5; 11-5-1947
55998184; 11 43 22 16 31; 7 5; 14-12-1900
04612664; 48 24 37 47 1; 3 7; 5-7-2017
07602749; 35 7 6 20 18; 10 8; 22-2-1939
64201117; 43 11 29 13 10; 8 6; 29-9-1924
03435759; 25 27 26 16 18; 2 3; 30-9-2003
89462996; 29 12 30 42 1; 10 8; 29-3-1934
20950335; 26 3 42 40 38; 6 8; 19-7-1944
61108609; 22 7 1 30 48; 7 9; 26-2-2006
27626744; 45 31 48 26 39; 5 10; 14-3-1999
38545042; 27 2 41 13 34; 9 6; 6-11-1925
40267062; 10 3 5 45 43; 2 5; 14-2-1943
59974048; 47 32 6 31 28; 8 2; 13-5-2006
97691045; 21 41 49 15 20; 7 3; 15-11-1960
82833500; 30 40 27 35 13; 7 6; 26-11-1992
02444934; 27 41 5 24 25; 1 4; 29-9-1992
69295522; 12 6 41 24 37; 10 5; 2-12-1996
15615663; 34 35 45 26 46; 6 2; 15-6-1919
37353814; 8 27 47 11 31; 6 3; 20-10-1985
55830584; 31 22 40 11 33; 9 7; 28-8-1981
24269387; 28 29 9 49 15; 5 8; 9-9-1939
34536814; 15 11 26 17 16; 5 6; 22-10-1973
03264363; 24 13 8 5 18; 9 7; 4-8-1938
64187835; 18 30 27 8 20; 1 9; 16-1-1940
74656000; 6 13 11 14 40; 5 9; 2-10-1949
38171584; 21 10 9 25 16; 10 5; 7-7-1992
18413374; 4 15 8 28 36; 3 4; 20-6-1993
87097457; 4 42 44 13 31; 4 2; 9-4-1903
02369677; 47 29 20 34 3; 9 1; 5-8-1925
68064700; 23 15 45 21 14; 4 8; 3-2-1970
62160083; 35 26 28 45 23; 3 1; 24-4-1904
19504715; 32 2 3 48 36; 5 10; 22-8-1979
17600052; 1 14 17 19 16; 7 4; 13-11-1901
42143775; 4 29 21 44 39; 3 8; 19-12-1925
57910844; 42 38 13 3 49; 2 3; 7-5-2008
52036770; 37 16 49 8 13; 8 7; 13-11-2013
79405093; 37 38 49 43 48; 9 10; 8-6-1943
96012419; 31 16 47 17 22; 8 3; 3-12-1941
86071411; 3 1 29 42 12; 7 1; 21-5-1974
36453532; 16 7 6 47 42; 2 3; 23-12-1984
20637755; 34 30 46 4 16; 9 8; 17-12-1992
96390602; 49 33 12 14 1; 5 4; 6-7-1968
18473365; 43 48 39 7 3; 6 10; 22-4-2006
11502823; 6 35 5 47 15; 5 1; 12-8-1917
71818806; 10 33 44 35 47; 8 10; 6-12-1992
57593510; 9 29 23 39 25; 5 6; 28-6-1942
41835033; 14 37 42 28 5; 6 10; 10-5-2007
54112313; 29 9 17 15 32; 5 1; 21-1-1957
19978969; 47 23 28 26 2; 10 6; 14-1-1941
02906140; 24 49 14 7 45; 3 1; 7-8-1924
23093821; 15 13 4 38 24; 10 2; 6-12-1979
95731873; 41 29 39 26 19; 6 2; 18-3-1978
45409440; 6 12 22 36 29; 8 3; 19-10-1915
41540151; 43 46 27 6 2; 6 1; 7-2-1988
81892828; 18 14 29 41 17; 2 8; 11-8-1977
56777762; 5 47 17 40 7; 2 3; 3-4-1909
45797352; 3 47 21 13 24; 6 1; 23-12-1970
63271333; 42 26 15 5 39; 1 6; 8-10-1992
18529182; 4 41 40 38 9; 8 1; 18-9-1943
22148467; 34 8 29 31 25; 10 8; 16-9-1975
15957137; 29 32 24 9 37; 6 1; 8-2-1997
15310939; 14 11 39 46 20; 5 4; 11-6-1910
84547910; 13 9 19 37 11; 6 9; 20-6-1948
55873082; 25 23 37 32 49; 8 6; 6-2-2021
58300230; 20 16 37 13 1; 6 10; 6-8-1946
61442915; 12 38 30 23 24; 6 2; 28-2-1996
35965469; 21 36 12 27 34; 8 5; 25-5-1915
81296799; 7 30 14 5 22; 5 8; 22-1-2014
72820800; 2 11 12 13 34; 1 7; 26-4-1999
61983005; 15 47 34 35 39; 9 1; 16-11-1996
41695163; 33 47 13 49 3; 7 10; 3-11-1978
32996747; 26 48 19 25 6; 9 1; 26-1-1906
54035180; 30 36 17 39 5; 7 3; 12-10-1982
50715762; 23 18 42 14 35; 3 2; 21-9-1900
41765765; 22 18 32 30 45; 2 10; 27-2-1979
19850097; 6 33 16 4 18; 5 3; 25-1-1900
27895150; 25 31 29 34 10; 6 8; 25-12-1913
75405418; 46 5 14 28 35; 7 2; 16-5-1967
33814408; 10 44 48 28 31; 4 9; 2-11-1998
01386712; 15 36 13 38 30; 2 10; 17-1-1962
15170332; 18 9 41 6 15; 8 4; 4-4-1903
35478385; 30 25 2 3 31; 7 4; 29-1-1981
15539335; 48 9 39 16 24; 7 4; 10-7-1952
35580689; 24 6 35 19 43; 1 2; 8-7-1986
58464483; 22 17 7 28 14; 10 5; 8-1-1915
62179076; 23 21 7 14 48; 3 5; 23-12-1974
68108742; 43 45 25 49 39; 5 7; 7-12-1906
21293480; 3 47 49 43 11; 1 4; 4-5-2012
33025870; 10 31 26 38 29; 4 8; 11-9-1937
02997593; 44 9 1 7 32; 1 5; 26-8-2017
79500337; 26 7 5 37 35; 1 10; 11-9-1906
97323894; 19 49 5 36 22; 5 10; 11-7-1952
34852698; 16 11 30 7 21; 9 1; 23-3-1921
09567969; 3 9 49 30 47; 2 4; 3-1-1925
72321621; 39 32 19 1 29; 2 6; 12-4-1910
47221715; 18 23 20 41 38; 7 3; 19-3-2018
02826913; 44 4 10 15 1; 4 6; 8-6-1975
51538990; 2 30 34 18 25; 8 4; 21-3-1936
19837325; 10 47 1 39 6; 4 3; 8-1-2001
32627646; 17 45 35 4 47; 2 6; 19-3-1914
72605749; 49 47 15 29 42; 6 9; 30-4-1949
19732825; 39 25 38 7 22; 9 3; 15-4-2004
51415573; 40 9 45 31 11; 10 9; 11-11-1960
53224312; 18 16 47 44 9; 3 2; 26-10-1924
17229603; 20 10 6 28 44; 1 4; 17-1-1962
14240851; 24 5 29 48 44; 2 3; 27-3-1982
72281838; 31 33 18 12 23; 7 4; 13-12-1924
54293237; 13 38 42 4 32; 5 8; 6-4-2011
93002979; 9 23 2 30 25; 7 5; 21-10-1985
50891956; 49 25 40 21 46; 6 2; 14-9-2018
26504953; 12 32 40 9 18; 2 3; 22-7-1958
08342486; 31 25 14 2 36; 6 7; 6-2-1985
17370699; 27 24 32 39 8; 7 1; 6-9-1953
45335539; 29 34 41 22 5; 6 2; 21-10-1956
51493063; 31 35 17 21 29; 5 6; 2-12-1928
06005625; 39 15 2 48 4; 1 5; 2-2-1911
57611515; 9 24 36 19 48; 1 6; 5-8-1922
55595105; 12 8 41 47 40; 2 10; 30-3-2005
43697051; 19 25 15 23 32; 4 1; 11-10-1919
41516940; 6 35 17 45 21; 5 10; 16-3-1942
58430436; 29 11 37 38 48; 2 1; 25-7-1948
41106854; 26 16 7 3 14; 2 8; 18-5-1914
28047015; 24 44 1 40 10; 10 1; 23-5-1944
46839166; 5 28 33 11 17; 9 3; 27-11-1903
14058259; 29 13 22 46 48; 7 3; 21-2-1961
45421854; 20 31 17 36 7; 3 5; 7-10-1972
78445024; 48 17 10 47 3; 9 3; 19-8-1934
29176105; 43 25 12 24 5; 6 10; 10-10-1951
28039653; 11 32 12 4 1; 5 2; 2-5-2020
71833494; 25 24 18 11 4; 7 2; 13-8-1962
00606052; 39 34 32 23 49; 6 10; 16-4-1935
47392272; 42 28 30 47 25; 9 6; 18-4-1933
58395099; 28 45 47 31 42; 3 2; 23-8-1947
58628143; 39 18 47 28 43; 5 3; 15-2-1943
64937574; 21 32 39 42 30; 10 1; 14-1-1991
39618343; 21 32 38 14 11; 7 2; 13-10-2016
72458984; 17 2 46 49 3; 3 10; 3-2-2008
21371445; 49 22 46 4 33; 1 9; 12-2-2007
09167186; 19 8 48 25 28; 10 1; 25-1-1990
99113682; 44 12 16 29 21; 3 2; 3-3-1979
52329324; 46 10 39 5 42; 5 6; 18-6-1994
33249841; 34 12 45 42 37; 4 8; 31-1-1964
30408989; 19 40 35 31 33; 9 8; 11-6-1956
63186324; 22 1 48 18 2; 3 7; 5-11-1961
45284552; 49 4 15 1 21; 5 8; 20-8-1975
58935249; 13 6 18 7 38; 4 2; 6-12-1928
95897023; 43 17 16 2 33; 6 4; 16-2-1933
41279682; 12 16 2 37 40; 1 4; 4-1-1907
27166324; 1 3 4 2 9; 4 5; 23-7-2016
46077501; 47 17 11 33 32; 4 6; 6-3-1953
90163128; 42 46 4 3 26; 5 1; 9-4-1928
70701186; 25 35 36 7 3; 8 5; 1-1-1900
71440457; 36 20 22 35 32; 2 3; 11-10-2014
44663582; 40 44 23 26 49; 9 3; 24-4-2005
30830771; 28 23 25 40 5; 6 1; 15-6-1954
67449158; 29 8 22 7 12; 8 5; 15-7-1949
44455741; 47 13 1 12 41; 3 10; 3-7-1996
64984650; 19 9 47 32 26; 7 8; 24-3-1941
80356142; 41 44 30 1 17; 6 4; 19-8-1980
80052654; 48 44 20 14 15; 5 6; 4-6-1937
48800517; 33 1 2 21 27; 2 7; 20-2-1916
62410775; 40 22 35 33 5; 2 9; 17-4-1984
22550463; 32 36 2 49 35; 6 9; 5-4-1999
13314668; 34 49 26 43 12; 6 4; 9-2-1977
65133931; 38 14 33 24 37; 7 6; 12-6-1968
22947125; 13 9 6 14 20; 4 9; 3-6-1920
10180445; 45 27 30 32 41; 3 5; 5-1-1901
71719176; 49 34 31 7 41; 9 6; 29-4-2016
17640802; 19 13 36 47 24; 7 2; 6-8-1956
44673779; 44 34 26 11 3; 3 4; 19-12-2000
76449993; 11 32 24 31 17; 10 4; 16-11-1989
88034587; 42 28 4 49 40; 7 3; 19-4-1921
62636670; 16 4 17 18 49; 4 3; 27-2-2006
25924359; 5 25 33 37 13; 8 4; 28-5-2016
23215917; 40 24 12 7 17; 2 7; 9-11-2000
13081070; 46 49 7 32 29; 9 7; 23-10-1950
07471638; 14 19 27 4 47; 6 3; 7-6-1941
31022028; 33 14 10 16 32; 7 3; 11-10-2021
80068125; 48 7 10 13 39; 9 8; 21-1-1908
24531400; 17 27 39 36 1; 5 3; 31-8-2008
79114029; 37 13 17 43 40; 9 6; 1-3-1973
23504545; 27 3 2 43 37; 6 9; 6-9-2007
62891013; 49 39 7 26 25; 8 7; 24-9-1900
04609225; 23 15 16 9 45; 1 10; 28-7-1986
01961894; 6 23 38 42 14; 6 1; 1-9-1907
69654479; 5 40 1 16 18; 7 6; 19-10-1900
51303668; 27 13 5 47 25; 3 9; 22-7-2009
00416689; 2 5 15 4 25; 1 8; 7-5-1913
93615929; 20 9 14 30 6; 5 1; 6-5-1985
30726294; 43 29 40 31 8; 4 10; 17-11-1902
50105228; 14 7 32 3 30; 8 5; 13-6-1914
29393700; 15 18 26 1 41; 8 1; 18-6-2004
74804764; 15 12 28 48 14; 1 7; 26-8-1986
61673330; 16 13 21 40 48; 8 4; 14-5-1969
83237956; 17 47 33 20 28; 7 1; 7-7-1918
48932945; 4 21 37 49 32; 3 5; 5-10-1951
31884953; 40 12 24 39 16; 3 7; 16-3-2006
88439000; 46 2 11 38 30; 10 2; 29-4-1931
39985223; 3 10 24 4 42; 7 10; 16-2-1992
23038338; 44 48 43 37 9; 3 5; 11-5-1967
64991333; 17 15 7 46 12; 3 1; 3-9-1998
93730150; 7 16 25 44 34; 1 2; 28-6-1994
64745715; 34 7 47 23 6; 1 7; 4-6-2009
60369485; 47 27 44 12 22; 7 9; 29-6-1959
43271445; 10 2 43 12 38; 3 2; 20-3-1930
70997762; 36 24 26 23 49; 4 3; 15-3-2020
16526752; 38 33 47 37 4; 4 3; 26-5-2002
05088407; 36 31 4 40 48; 2 10; 31-7-1912
22866941; 32 14 46 22 6; 4 3; 12-8-1968
72750381; 8 28 33 34 15; 5 10; 16-3-1930
36350610; 34 13 37 19 23; 9 2; 16-11-1972
74020089; 23 44 38 47 35; 1 5; 17-5-1965
45381614; 34 39 4 47 30; 7 2; 25-11-1939
78192851; 45 38 26 40 10; 10 3; 26-2-1947
66184495; 38 17 40 9 26; 4 1; 17-2-1997
07361358; 25 38 15 31 29; 4 7; 22-12-1929
78506382; 4 26 17 34 21; 1 9; 18-11-2018
46632358; 9 49 23 41 6; 3 7; 28-8-1940
42714311; 20 9 43 36 49; 5 7; 25-11-2019
83342426; 35 23 43 6 12; 2 8; 23-4-2006
57822402; 34 30 8 12 37; 2 8; 23-10-1956
81582260; 20 32 33 10 17; 4 6; 14-7-1911
22647631; 21 26 20 9 33; 10 6; 11-7-1981
34638558; 32 37 14 49 44; 7 5; 1-2-1957
81386506; 8 6 41 46 47; 9 3; 14-11-1982
67747645; 9 16 36 43 13; 5 2; 16-7-1945
15883305; 1 17 40 32 2; 9 2; 21-6-2012
04706255; 31 43 23 35 22; 3 2; 4-6-1939
56170100; 44 49 12 43 32; 7 3; 12-12-2021
06990030; 33 16 25 24 42; 8 5; 7-4-1976
19942741; 41 35 34 44 4; 10 5; 2-9-1964
34942827; 21 28 13 11 8; 5 10; 25-3-1987
50715684; 27 47 45 41 28; 1 7; 21-2-1981
07009372; 3 8 42 35 21; 5 6; 29-7-1937
22416317; 39 5 35 20 19; 1 9; 13-1-2011
45033873; 31 1 22 15 20; 4 7; 7-5-1946
00037446; 32 2 8 28 15; 10 8; 8-4-1921
69593565; 28 16 4 20 27; 3 9; 17-1-1931
43299997; 11 15 12 27 37; 2 1; 25-1-1962
48503138; 49 38 1 35 30; 4 9; 28-6-1926
54551994; 25 38 10 45 7; 5 3; 21-4-2002
56699783; 44 29 33 39 32; 10 1; 1-7-1904
47910285; 31 25 40 49 16; 5 10; 5-8-1947
59581538; 34 14 29 10 39; 6 3; 27-5-1975
30047844; 39 47 45 12 40; 2 10; 18-11-1970
21233895; 39 48 11 8 17; 1 5; 6-6-1911
64520429; 10 46 8 13 48; 3 10; 17-1-1949
78298008; 36 19 39 29 28; 3 10; 2-2-2013
49719940; 19 28 33 37 47; 7 3; 16-1-2009
99494765; 6 4 24 8 23; 1 9; 24-7-1924
76494887; 45 6 23 24 12; 4 3; 13-5-2010
74959979; 29 5 12 17 2; 2 1; 20-4-1950
35371351; 31 44 22 7 3; 7 4; 4-1-1997
88427060; 35 31 25 20 19; 6 4; 14-2-1994
78749077; 37 18 41 25 1; 2 4; 7-12-1984
03016973; 37 15 25 7 49; 4 10; 17-1-1943
52101504; 25 43 9 23 17; 2 4; 29-7-1949
61458318; 17 27 5 34 26; 1 6; 17-7-1941
17530713; 14 48 11 32 43; 6 7; 9-12-1920
89647353; 28 46 13 16 12; 4 8; 25-4-1973
43765314; 10 48 17 40 11; 2 6; 30-4-1940
37483220; 16 35 14 1 4; 7 1; 14-2-1924
39802063; 5 20 42 1 24; 7 5; 7-4-2006
67886748; 6 14 27 38 8; 6 4; 3-7-1902
17842072; 25 19 11 4 20; 8 2; 12-2-1924
97492383; 11 30 23 41 31; 7 8; 17-7-1958
22541978; 22 41 5 17 15; 10 5; 29-5-1933
48281366; 15 4 38 30 42; 5 2; 26-9-1970
56736225; 2 41 46 7 35; 10 9; 2-1-2004
12766978; 21 38 31 48 33; 10 8; 11-12-1941
45560165; 14 17 25 45 15; 6 8; 24-5-1954
63167548; 27 20 13 46 44; 5 6; 17-10-1948
83076440; 38 49 12 40 48; 10 2; 1-6-1928
55057987; 31 18 3 47 26; 4 2; 3-4-2004
48106933; 35 33 41 18 3; 5 4; 26-1-1963
30934481; 23 10 15 45 38; 4 2; 29-12-2008
25805627; 32 47 29 34 9; 7 3; 18-6-1994
22124988; 18 10 47 12 24; 6 2; 4-8-2015
58498746; 11 38 14 32 15; 8 2; 14-6-1978
94137134; 3 19 29 22 14; 5 2; 13-11-1989
25455755; 32 15 24 10 49; 5 7; 22-7-1923
96006456; 20 37 48 1 7; 8 3; 1-9-1973
80284953; 24 3 35 7 12; 10 8; 24-8-1945
44385714; 28 18 20 32 15; 6 1; 15-8-1983
57023247; 10 46 37 1 30; 3 1; 19-7-2015
69392218; 47 3 43 2 35; 10 8; 24-6-1939
65127551; 48 11 33 12 28; 5 10; 18-4-1922
06548875; 11 25 16 5 20; 7 4; 20-4-1978
39489143; 32 46 37 38 31; 4 8; 11-4-1931
69423122; 18 40 9 8 1; 7 1; 26-8-1989
32340893; 22 40 26 21 14; 8 10; 5-1-1942
32514787; 36 45 33 42 28; 9 6; 8-11-1943
32841794; 25 22 48 35 31; 5 4; 24-9-2006
97927937; 23 32 49 18 46; 5 2; 5-11-1997
01811797; 27 32 42 36 3; 3 7; 31-8-1970
93655410; 29 44 27 23 1; 4 2; 2-1-1961
37947082; 17 42 22 19 32; 3 2; 5-4-1992
61461469; 32 17 36 44 26; 4 1; 13-5-1970
99756757; 25 9 26 37 36; 9 7; 8-2-2010
01935354; 23 39 41 35 43; 6 1; 24-7-1947
99941050; 36 32 42 23 40; 5 3; 3-10-1937
36823490; 34 31 44 16 18; 7 8; 24-7-2006
71753294; 44 4 14 5 13; 9 4; 13-2-1912
22647822; 4 13 28 42 12; 7 9; 9-12-1936
34154469; 2 38 3 34 11; 3 6; 26-3-2000
27278739; 2 39 36 47 26; 1 10; 9-4-1940
85437511; 9 4 33 10 30; 1 9; 28-1-1977
88100150; 2 10 25 45 12; 2 6; 12-6-1901
75670920; 10 38 13 36 48; 8 7; 10-9-1937
60892001; 2 20 29 12 16; 3 2; 14-12-2012
90046061; 43 31 10 33 37; 5 9; 22-11-1901
38168671; 34 29 14 12 37; 4 3; 2-5-2003
67654513; 37 14 4 13 36; 10 8; 20-9-1942
04027269; 48 49 18 27 8; 8 5; 11-3-2011
30783544; 45 36 3 37 31; 7 10; 31-8-1998
35611240; 5 31 33 40 13; 2 10; 26-1-1925
73446518; 29 1 46 35 36; 2 9; 27-11-2002
07178705; 31 7 40 2 1; 7 1; 13-4-2021
21826297; 12 30 28 48 23; 6 9; 3-7-1934
36826572; 6 40 42 21 29; 4 5; 2-2-1914
31901684; 8 11 7 37 13; 1 6; 26-5-1990
08138461; 49 22 3 27 7; 10 4; 23-12-2005
70498949; 36 46 32 43 15; 10 3; 23-9-1937
09466779; 28 11 22 2 3; 7 4; 6-10-1949
95095863; 18 45 37 16 27; 10 3; 23-6-1960
37280268; 13 1 19 5 8; 8 1; 31-10-1930
87497782; 11 2 8 45 6; 4 6; 1-10-2000
66905328; 11 43 34 23 14; 6 9; 30-6-2021
29063271; 27 46 21 32 18; 8 5; 21-7-2002
26685209; 13 32 40 23 49; 3 8; 17-6-1928
69652936; 25 46 24 33 15; 1 9; 31-5-1958
41462584; 11 42 10 37 29; 3 10; 5-1-2005
66669999; 33 19 30 14 41; 8 5; 30-5-1909
66691147; 19 8 12 23 39; 4 6; 22-10-1994
56168268; 22 13 8 5 20; 10 7; 5-2-1937
77994519; 3 26 2 9 4; 1 9; 1-10-1919
13294756; 24 23 37 7 29; 4 1; 11-3-1921
79111263; 48 2 22 44 26; 7 3; 9-10-1984
12989478; 24 47 19 7 48; 3 2; 3-6-2014
87628095; 2 3 20 25 41; 10 1; 9-8-2002
29259468; 42 47 10 21 14; 9 5; 29-1-1903
72033865; 27 20 6 42 35; 7 5; 30-1-1973
12660733; 34 18 19 33 30; 10 3; 1-10-1955
20627455; 10 44 19 41 17; 5 1; 12-4-1939
93544603; 20 36 4 45 21; 7 5; 13-9-1929
87528832; 1 34 31 25 28; 1 2; 17-11-2018
26263546; 37 23 8 6 3; 9 10; 29-10-1942
39289253; 23 31 39 27 43; 6 3; 20-7-1954
32375407; 31 25 28 40 8; 4 5; 5-8-1971
90966028; 11 31 9 4 6; 1 9; 27-4-2021
36558771; 27 36 26 12 5; 9 1; 5-4-1944
75404280; 19 48 36 9 1; 2 3; 7-6-2012
92531975; 3 16 6 12 39; 1 10; 8-7-1924
28774870; 19 12 48 29 28; 2 9; 23-12-1984
90862940; 30 18 42 10 9; 2 5; 8-8-1904
48485135; 47 2 25 22 21; 2 1; 28-5-1964
38760536; 42 32 7 34 41; 2 6; 16-12-1948
19255231; 25 10 45 1 44; 2 3; 25-4-1954
61575593; 3 31 6 23 17; 1 2; 28-11-1966
51240207; 26 49 28 41 5; 9 8; 24-5-1935
06361609; 38 6 21 12 26; 10 9; 30-12-2004
91279239; 49 23 2 48 11; 9 8; 1-2-2015
98270216; 18 40 15 24 12; 1 6; 8-6-2014
20676784; 4 27 42 31 35; 7 2; 7-9-1959
42164281; 36 4 10 19 2; 1 7; 28-12-2020
86213510; 40 44 42 17 19; 7 1; 1-9-2011
95836337; 37 28 36 46 1; 5 2; 6-11-1903
06387300; 19 42 24 31 27; 4 2; 21-9-1972
84386212; 9 5 49 45 8; 9 3; 8-8-1919
03714684; 11 10 17 43 16; 10 4; 24-11-1980
82173738; 34 31 4 16 7; 7 1; 27-9-2016
19063435; 47 35 14 46 7; 5 4; 22-4-1990
90798511; 15 42 29 32 31; 9 5; 15-5-1986
30798386; 26 21 19 4 49; 4 1; 28-3-1956
42971130; 6 1 43 15 49; 2 6; 25-5-1978
34323916; 30 16 42 27 8; 7 4; 17-7-1942
22648153; 47 27 25 34 49; 3 2; 30-9-1935
82317369; 44 47 33 21 3; 2 3; 26-2-1973
90025952; 21 10 4 40 3; 9 4; 10-12-1928
36396386; 30 44 46 36 35; 7 8; 12-7-1961
02449169; 28 45 12 37 9; 1 5; 26-10-1981
39893934; 18 34 27 46 24; 1 5; 5-7-1916
91318841; 40 48 20 49 36; 4 10; 10-7-2008
02175013; 38 27 28 39 25; 5 8; 16-11-1990
06130545; 19 47 35 37 13; 3 2; 30-5-1944
51077035; 44 47 27 35 13; 2 9; 21-11-1920
46413857; 1 29 11 6 4; 3 1; 2-7-1980
38064052; 23 46 31 14 27; 10 1; 12-10-1952
44990439; 2 29 38 35 12; 6 4; 30-9-1915
50464412; 21 47 9 38 14; 8 5; 4-6-1939
06673512; 44 36 20 17 48; 6 9; 1-11-1900
82089406; 3 31 11 32 2; 8 1; 9-4-1919
17428877; 30 17 34 13 1; 7 4; 16-3-2003
66869799; 34 23 28 1 42; 4 8; 5-9-1985
16678898; 15 43 9 33 16; 10 2; 11-9-1915
75825823; 47 21 31 13 18; 3 7; 29-11-1971
63941535; 21 30 28 42 6; 8 2; 3-10-1950
74485759; 10 37 12 4 39; 3 2; 19-11-1927
93046945; 48 37 31 6 7; 8 1; 31-10-1964
25839099; 4 17 5 22 26; 6 7; 10-10-1950
33619971; 4 22 14 42 36; 4 3; 1-1-1982
27381455; 25 23 32 28 48; 5 6; 13-2-1937
12289577; 36 22 40 47 11; 10 7; 5-4-1963
05245644; 14 40 44 7 25; 8 10; 26-1-1918
91724337; 24 43 44 12 20; 3 10; 5-12-1912
37173845; 32 26 14 33 47; 9 10; 26-4-1969
36911982; 41 38 6 15 45; 6 4; 16-9-1960
41086340; 16 17 4 23 19; 5 7; 25-5-1980
76597754; 18 3 13 9 15; 3 4; 2-4-1913
32101483; 46 31 35 8 19; 7 10; 9-5-1974
27707570; 33 49 40 5 27; 10 7; 14-9-1936
14300909; 43 14 5 9 28; 3 8; 26-8-1954
63771741; 3 6 17 32 19; 6 8; 25-12-1916
13339752; 49 7 10 32 35; 7 1; 28-2-1954
47681287; 29 31 5 42 46; 9 3; 25-3-1928
70621513; 37 31 5 8 42; 6 4; 3-4-1970
90505460; 15 30 26 3 5; 1 6; 13-4-1934
75283388; 43 24 34 45 40; 3 8; 27-1-2015
82432844; 33 10 27 4 22; 4 10; 2-4-1911
34881343; 7 42 32 10 2; 2 4; 27-12-1990
05992811; 42 10 8 18 38; 6 3; 28-6-1914
18655510; 28 35 19 24 10; 9 8; 16-12-1912
76216787; 38 33 46 22 25; 6 8; 21-9-1940
56321617; 14 18 1 2 23; 3 9; 19-10-1914
55436782; 44 38 34 3 7; 4 7; 23-3-1961
50442668; 4 2 44 37 45; 1 9; 15-2-1903
60296508; 3 9 35 47 34; 8 7; 24-9-1934
44160268; 44 6 38 14 24; 1 8; 7-5-1939
14982657; 22 11 37 23 12; 7 8; 12-10-1941
40037042; 37 11 26 10 41; 2 10; 9-2-1958
88324278; 10 39 36 25 11; 4 8; 31-3-2000
09758965; 18 29 22 26 37; 9 1; 15-1-2021
90270056; 9 26 17 22 32; 2 4; 27-3-1965
53052280; 22 47 10 9 35; 9 3; 8-6-1997
84764480; 16 40 25 42 41; 10 5; 28-4-1931
12800733; 46 43 7 30 39; 6 2; 12-9-1926
81960883; 27 20 16 29 30; 8 4; 29-1-1901
50920680; 1 26 7 31 27; 5 2; 1-11-2012
75713757; 24 36 3 2 41; 2 8; 21-9-1997
18532092; 42 26 46 13 11; 10 8; 3-7-1923
35320359; 27 30 47 48 26; 1 2; 15-4-2013
34902390; 43 6 39 47 30; 7 4; 28-12-2003
35822835; 14 22 7 38 3; 9 5; 4-7-1946
71202867; 11 48 23 33 42; 7 3; 21-9-1906
17931995; 43 20 40 1 39; 8 4; 21-12-1981
21054447; 3 44 11 14 29; 3 4; 17-11-1958
01986629; 45 31 14 3 12; 2 3; 7-11-1930
33938542; 15 37 41 27 28; 7 3; 28-8-1998
48118740; 36 21 45 17 2; 4 7; 2-10-1983
71323090; 37 29 44 38 46; 4 1; 3-7-1911
44622060; 39 36 41 14 19; 9 7; 18-5-1902
24491594; 32 43 7 13 17; 1 2; 28-6-1929
93661420; 7 44 22 30 39; 7 10; 2-1-1987
65909199; 15 27 46 29 36; 4 3; 10-8-1986
64289775; 24 8 44 48 38; 2 6; 15-11-1962
77592702; 35 25 27 7 18; 2 6; 10-5-1924
09967954; 12 32 13 19 10; 9 4; 9-12-1906
92000250; 49 46 14 9 11; 10 4; 15-9-1930
36749548; 34 21 27 47 23; 4 5; 25-7-1910
24433216; 31 32 3 10 39; 10 5; 22-8-2011
96182235; 17 48 25 45 6; 9 2; 12-7-1915
58413710; 34 29 47 25 8; 3 10; 1-11-1968
90493896; 37 28 19 14 42; 9 3; 19-9-1916
38295894; 25 47 30 14 6; 5 1; 19-4-2002
73270071; 6 11 29 23 13; 1 2; 17-6-1999
00474918; 46 36 2 49 48; 8 6; 14-10-1989
22162260; 1 21 19 13 9; 1 8; 11-9-2016
70285885; 32 24 33 11 7; 3 9; 13-5-1957
02491211; 21 40 25 37 44; 2 6; 24-4-1948
42704667; 19 46 3 25 42; 4 3; 10-1-1978
55817546; 29 39 42 19 17; 5 8; 27-12-1940
41051577; 14 18 41 45 6; 8 3; 15-8-1957
85748279; 33 16 35 23 24; 5 2; 9-9-1956
62895256; 34 30 36 28 27; 7 2; 27-7-2016
58980585; 19 8 38 27 40; 4 5; 19-7-1999
86896270; 46 33 14 13 30; 1 9; 30-8-1991
59259435; 31 16 42 39 4; 1 6; 1-7-1996
23987070; 8 30 13 12 11; 7 9; 6-10-1911
53592014; 33 48 7 25 23; 4 3; 18-1-1924
47010451; 8 35 43 31 41; 1 6; 12-1-1976
31527908; 43 1 3 36 18; 4 7; 6-11-1997
92937098; 40 17 13 16 44; 2 10; 19-11-2005
22105211; 45 35 27 31 36; 9 5; 23-9-1964
93800997; 25 21 16 41 9; 9 4; 20-10-1904
35875433; 3 43 8 28 35; 3 7; 2-3-1965
01667020; 20 34 3 23 7; 3 2; 19-1-1913
03793755; 26 12 8 42 28; 2 3; 8-5-1948
74344877; 34 17 24 45 4; 1 10; 6-12-1978
63235784; 27 47 31 21 43; 10 3; 10-2-1965
18377396; 31 10 27 36 43; 5 6; 14-1-1953
05335096; 49 20 12 34 13; 2 6; 15-2-2006
29794510; 39 36 41 12 22; 2 3; 11-6-1922
14802922; 15 5 47 9 45; 5 9; 22-4-1923
94183397; 48 12 33 4 9; 4 9; 27-11-1967
77023605; 40 6 38 26 9; 2 9; 13-2-1906
13932028; 15 46 1 6 8; 10 9; 26-5-1953
80064620; 33 17 7 29 38; 7 4; 9-9-1948
26851835; 13 1 35 45 12; 3 5; 28-4-1938
24028819; 49 16 38 13 37; 4 3; 22-11-1993
29648352; 32 31 15 41 18; 8 2; 21-3-1916
51068791; 8 26 31 14 46; 3 6; 23-12-1980
59940557; 15 9 21 6 43; 5 7; 28-10-1950
88693671; 47 38 49 33 24; 7 3; 1-5-1953
66773357; 10 9 26 13 18; 8 1; 26-1-1973
72894944; 3 49 34 39 48; 7 1; 11-9-1906
90387596; 27 41 22 8 4; 5 8; 22-9-1924
01297156; 11 3 12 49 1; 1 7; 20-10-1993
88533958; 4 25 14 11 28; 1 3; 14-4-1931
31716706; 14 16 32 17 27; 10 5; 24-7-1943
98003283; 23 47 14 8 30; 7 3; 4-3-1968
15901874; 5 12 19 28 26; 4 10; 19-1-2005
07925089; 44 7 29 31 36; 3 1; 3-6-1951
93988248; 39 13 34 16 41; 10 1; 4-8-1968
71015614; 45 32 22 25 35; 9 5; 27-1-1960
48009748; 11 5 16 47 27; 1 6; 13-9-1992
61719865; 29 48 49 15 6; 2 1; 15-1-1950
82903923; 14 43 17 25 30; 10 3; 11-11-1975
33693320; 29 23 22 6 48; 6 3; 1-12-1957
39300393; 26 14 49 25 41; 3 6; 19-8-2020
03364695; 34 32 40 24 43; 10 9; 11-9-1932
26883467; 11 22 12 29 28; 3 6; 4-3-1999
49847624; 12 40 6 19 1; 9 8; 12-5-1908
09315187; 24 29 43 35 47; 4 8; 22-11-2018
59886519; 6 17 9 35 34; 2 7; 28-1-1931
27456406; 9 20 4 45 36; 7 10; 31-12-1967
11914004; 39 12 41 16 44; 9 4; 14-11-1954
46760472; 7 26 29 42 25; 10 6; 12-7-2011
47160193; 43 2 37 11 20; 10 1; 6-1-2006
36490923; 4 33 13 23 25; 4 3; 3-2-1977
30835630; 17 25 39 16 14; 10 6; 16-8-1937
14197298; 15 35 19 14 22; 9 7; 28-8-1986
67045059; 30 38 5 9 24; 2 7; 3-9-1929
34255102; 5 27 4 11 32; 2 6; 23-5-1960
17142187; 24 29 7 41 28; 4 2; 14-1-1989
94004084; 13 37 38 1 10; 6 3; 16-6-1934
50587051; 12 30 38 19 33; 1 9; 7-5-1914
04567249; 6 38 1 48 10; 4 6; 27-5-1954
23788899; 40 2 48 19 16; 9 2; 19-7-1976
99546746; 20 22 25 32 3; 10 4; 25-12-2010
27548288; 4 29 11 40 31; 10 9; 25-6-1935
20511042; 49 48 19 2 9; 6 7; 1-12-1972
83758925; 12 31 5 16 9; 10 5; 16-8-2007
23679188; 42 36 43 19 10; 10 5; 10-7-1955
93863474; 26 11 7 49 25; 8 5; 12-8-1996
33717728; 15 28 7 14 5; 6 7; 1-12-1902
28073579; 2 13 8 27 35; 2 8; 1-11-1979
38641677; 18 36 2 26 9; 8 2; 24-9-1953
00097867; 25 36 10 34 48; 9 6; 12-12-1953
92752881; 35 12 6 25 26; 6 4; 24-1-1959
75420530; 23 35 17 28 32; 5 9; 7-3-1969
92387349; 48 9 24 42 17; 1 4; 7-10-1910
98612584; 39 38 47 27 15; 10 5; 10-2-1905
52703644; 25 46 42 41 29; 9 3; 23-2-2001
03519797; 48 21 29 17 13; 4 1; 5-11-1983
34114154; 13 37 42 33 32; 9 10; 30-7-1904
91117776; 24 45 1 4 8; 6 10; 29-1-2003
28038051; 4 1 16 47 9; 8 3; 26-12-1943
10869579; 23 36 48 9 6; 10 6; 17-11-1920
81940100; 5 22 41 19 24; 9 1; 1-5-1929
34342805; 18 9 43 26 22; 10 8; 23-1-1996
52509664; 24 20 19 42 17; 2 3; 29-1-1922
95882345; 14 10 13 40 17; 4 7; 1-10-1936
11542713; 15 27 32 33 35; 5 6; 16-1-2005
49831031; 18 46 27 23 15; 2 5; 21-4-2004
24945650; 5 29 6 36 18; 6 8; 23-9-1975
32697734; 42 5 37 1 47; 9 7; 13-2-1911
39999471; 9 3 15 32 25; 4 8; 8-2-1995
81919964; 4 35 41 37 28; 6 1; 16-5-1979
08742231; 17 38 40 34 18; 4 2; 5-11-1913
61003800; 19 28 43 39 20; 7 1; 17-1-1942
87048071; 28 16 11 4 7; 8 7; 5-2-1989
85534717; 41 7 38 9 40; 3 10; 5-4-1923
22877470; 13 27 31 19 16; 5 8; 18-6-1958
75671859; 41 43 40 16 49; 5 9; 29-6-1933
06956382; 26 1 47 40 48; 8 5; 21-2-1948
84306265; 31 8 15 23 36; 9 6; 22-8-1990
50809523; 26 9 38 17 36; 5 7; 24-7-1905
66721636; 25 2 14 29 30; 5 6; 22-7-1925
69908292; 12 18 21 48 26; 4 1; 4-1-1938
18981411; 22 11 43 37 3; 10 7; 15-5-1948
01869933; 13 29 33 38 12; 1 5; 1-6-1931
93364172; 7 49 37 17 6; 3 10; 26-5-1964
05061992; 13 3 15 28 40; 2 1; 18-11-1925
17559961; 15 16 22 17 42; 3 5; 1-7-1961
71853547; 28 42 7 30 47; 4 8; 19-3-1946
36785166; 16 14 3 29 37; 2 8; 14-12-2011
23617207; 7 46 16 28 47; 2 9; 24-11-1934
02003224; 44 2 41 17 48; 5 2; 9-11-1992
61175261; 26 33 28 14 18; 5 2; 20-9-1902
80011834; 19 25 45 34 26; 1 8; 11-12-2008
57925345; 23 9 25 19 28; 7 1; 11-3-1935
34812818; 10 18 40 16 31; 7 3; 23-6-1926
31534548; 39 25 31 21 26; 6 8; 1-9-1905
93457133; 4 11 7 28 24; 1 4; 16-3-1915
79691168; 40 22 21 29 13; 8 1; 20-3-1993
02329947; 44 40 39 4 10; 6 1; 30-10-2019
15391382; 34 38 32 23 19; 10 3; 3-6-1999
58292531; 2 22 41 44 24; 10 2; 19-2-1954
95408318; 9 46 18 40 12; 7 10; 18-6-1972
67591867; 47 30 33 15 28; 4 6; 12-3-1994
05230780; 18 37 29 20 9; 1 8; 11-9-1989
23081047; 16 46 12 45 18; 4 10; 11-5-1910
93912516; 27 46 37 6 43; 2 10; 26-10-2002
60807142; 3 29 24 37 11; 3 7; 18-2-1933
18433368; 18 30 32 25 1; 4 9; 24-4-1900
27504762; 34 8 42 27 37; 9 7; 6-12-1947
81715508; 40 28 27 24 33; 5 4; 29-7-2013
90796582; 23 47 31 30 9; 3 9; 1-1-2011
42791327; 26 4 24 41 8; 6 3; 23-6-1990
57436892; 21 24 40 48 10; 1 9; 6-2-1913
19167484; 11 37 29 14 48; 8 3; 14-7-1901
94393466; 18 9 25 7 1; 10 3; 13-11-2008
83851256; 11 45 7 24 29; 5 4; 19-3-2019
26373000; 12 19 49 1 41; 9 3; 15-8-1988
80545112; 9 6 17 33 21; 5 3; 30-6-1969
93830978; 41 7 6 1 29; 3 6; 3-4-1962
45209968; 42 31 34 37 20; 3 9; 28-10-1920
75548975; 19 22 17 11 27; 9 3; 6-7-1993
87049254; 36 1 6 22 26; 9 8; 9-10-2020
22794518; 48 19 10 4 6; 1 9; 28-9-1985
05138798; 32 16 8 15 13; 8 7; 11-6-2015
30540208; 39 36 43 41 28; 8 7; 5-7-1925
39981531; 19 7 30 11 37; 8 9; 30-11-1919
33167408; 2 31 13 38 34; 9 3; 13-4-1932
28179295; 46 9 26 41 2; 10 1; 13-3-1989
11765102; 15 3 24 45 14; 5 4; 21-3-1929
84804641; 8 39 42 44 34; 5 4; 19-2-1920
68337081; 14 11 42 41 25; 7 3; 8-5-1982
35243663; 34 32 46 49 28; 6 7; 2-7-1972
27964896; 9 38 3 28 29; 1 3; 30-7-1971
69288774; 37 22 15 16 18; 1 3; 14-8-1972
37838524; 23 41 2 19 18; 8 2; 17-7-2005
37463189; 43 5 47 23 21; 2 8; 15-1-1907
24168876; 24 16 10 35 39; 1 4; 27-5-1968
57553177; 26 16 7 14 27; 10 6; 29-6-1915
74518398; 2 34 10 36 29; 1 5; 19-3-1912
11823245; 42 27 36 4 40; 6 9; 24-9-1972
94175916; 38 20 13 17 39; 6 3; 30-10-1991
05947106; 42 22 29 31 37; 5 9; 14-2-1975
37359536; 33 28 16 21 19; 6 9; 4-12-2020
03328264; 40 31 26 33 49; 7 6; 3-3-1927
56113188; 20 4 36 22 1; 7 5; 8-2-1965
63889196; 3 28 13 7 23; 9 2; 26-12-1942
20269619; 11 23 33 41 22; 7 6; 10-8-1946
38497995; 30 4 2 42 18; 9 10; 17-10-1906
18292045; 38 42 8 27 11; 4 9; 2-1-1977
00263993; 28 21 36 38 39; 5 1; 9-7-1905
66300049; 32 31 21 3 26; 2 6; 8-10-1955
29738929; 41 1 33 19 48; 6 1; 5-5-1968
57304976; 28 36 24 7 8; 10 9; 10-8-1917
35626143; 40 36 21 35 6; 7 1; 11-2-1994
38612193; 23 46 7 41 44; 4 9; 18-1-1998
39681234; 18 27 16 9 7; 4 1; 9-7-2012
05221930; 44 34 15 5 14; 10 3; 12-5-1951
87420200; 10 4 17 16 19; 7 4; 24-1-1998
60470707; 11 24 37 29 12; 8 1; 7-6-1954
33970241; 39 31 12 24 10; 5 9; 28-11-2000
98805523; 48 22 45 28 34; 4 9; 17-8-1947
47416536; 7 1 21 22 16; 9 8; 13-8-2018
17850779; 15 30 3 13 47; 5 2; 24-12-1907
10724062; 38 24 39 8 28; 2 8; 7-12-1952
31045759; 5 41 18 1 8; 1 10; 18-2-1936
36309707; 12 22 31 4 20; 10 2; 12-5-1948
65019205; 14 23 8 28 4; 1 2; 3-8-1929
67118804; 3 31 13 20 44; 1 2; 5-3-2008
70553577; 26 47 14 9 18; 8 7; 24-10-1984
84959111; 31 4 20 26 47; 10 4; 9-8-1958
65636277; 4 48 26 32 41; 8 1; 24-11-1991
18075249; 39 31 47 42 9; 4 10; 23-7-1995
68922264; 5 21 28 1 17; 3 1; 7-8-1919
83906931; 29 39 20 7 8; 5 8; 12-9-1970
52565161; 14 36 48 13 4; 7 4; 10-8-1983
51759389; 2 16 21 5 33; 1 9; 24-3-1936
28183040; 21 35 26 6 43; 1 4; 2-7-1915
00898869; 6 42 44 10 19; 9 3; 1-7-2000
40226921; 49 8 24 42 14; 6 1; 2-6-1925
90447277; 36 34 23 39 47; 7 4; 30-6-1972
53190029; 33 30 16 27 18; 10 8; 28-2-1904
48015585; 32 23 40 25 36; 8 5; 24-10-1965
91069011; 39 2 45 46 20; 9 2; 15-10-1965
39765705; 13 35 21 5 15; 9 10; 10-2-2018
01138044; 3 6 17 7 28; 5 4; 4-10-1989
78364356; 37 29 27 11 14; 4 10; 13-10-1973
92341730; 25 34 19 49 36; 1 4; 31-8-1979
37438141; 20 49 38 1 29; 6 4; 12-10-2014
06061188; 21 48 13 42 24; 1 2; 7-7-1971
60008755; 36 19 28 26 24; 7 9; 26-9-1932
74974662; 8 33 35 46 21; 2 7; 27-8-1961
29616548; 45 22 46 15 11; 9 2; 1-12-1989
96325230; 16 27 11 22 20; 9 4; 15-4-1985
61668775; 36 22 6 31 34; 7 1; 28-6-1906
13374535; 38 4 40 27 39; 10 3; 21-6-2013
44442476; 32 13 49 26 34; 2 7; 12-3-1958
73437861; 28 44 17 8 46; 7 5; 27-5-1998
74939697; 32 40 46 20 28; 9 1; 11-8-1923
39660306; 40 22 6 36 31; 10 6; 21-9-1986
94600287; 30 33 34 32 49; 2 4; 5-12-2007
01912304; 6 7 9 25 45; 3 5; 20-7-2021
26547118; 5 19 30 45 22; 10 1; 21-2-2002
68049180; 38 43 34 36 11; 9 8; 4-6-2021
04263617; 45 10 34 19 36; 3 5; 5-8-1935
55512646; 46 14 7 1 2; 5 1; 11-5-1905
19238061; 20 19 2 47 37; 6 3; 30-9-2009
74203770; 10 29 12 24 34; 10 1; 4-5-1924
27308051; 48 10 18 14 26; 4 3; 17-7-1990
30191609; 14 32 41 11 42; 7 10; 18-12-1972
51295268; 11 10 7 43 36; 2 4; 8-3-1992
80964003; 48 49 12 28 1; 8 5; 20-8-2020
16760546; 20 42 30 5 7; 9 6; 18-5-2004
53746454; 21 6 30 23 16; 10 5; 3-7-1936
65965433; 6 26 30 21 12; 3 8; 3-10-1916
66258497; 47 35 5 16 6; 10 3; 1-7-2003
80743448; 7 44 5 29 3; 8 4; 12-10-1977
31421120; 15 32 29 26 38; 2 4; 22-8-1936
64910500; 10 21 11 26 31; 7 2; 21-2-1910
07401661; 40 20 19 33 13; 1 4; 17-10-1999
97603293; 6 26 13 39 14; 2 9; 3-8-1945
77523143; 38 42 7 45 9; 2 1; 24-2-1953
16881510; 44 31 14 40 18; 7 4; 10-11-1903
40259791; 30 21 28 2 26; 9 1; 1-2-1993
03446798; 15 21 37 17 19; 7 8; 15-10-1915
63464434; 40 15 9 44 16; 4 8; 3-12-1980
80233941; 19 4 6 34 12; 10 6; 30-12-1905
30814498; 4 48 19 24 43; 2 10; 14-6-1967
21078700; 15 22 45 31 4; 9 4; 23-8-1940
21948683; 24 29 49 35 41; 9 2; 9-11-1947
97592469; 47 15 8 26 18; 6 4; 31-12-1920
90224269; 43 40 22 47 42; 9 3; 25-10-1979
10473467; 22 24 10 30 13; 7 6; 24-11-1906
60297079; 23 29 44 8 15; 5 9; 25-7-1918
89295845; 10 17 5 6 23; 1 9; 22-3-2003
65947199; 21 40 36 33 19; 4 10; 26-12-1913
67803115; 1 35 20 38 46; 9 1; 25-8-1936
36571391; 18 8 46 30 36; 10 9; 19-3-1924
30733238; 24 40 14 21 47; 1 8; 10-12-1933
42030703; 46 42 23 18 49; 9 1; 11-3-1903
42948452; 40 31 49 22 38; 2 8; 21-11-1941
90436326; 46 20 28 44 32; 1 8; 13-5-1960
55395494; 43 2 38 19 31; 9 5; 16-5-1917
56751476; 26 35 36 9 18; 6 8; 14-8-1952
12739176; 2 15 13 18 30; 4 1; 6-11-1955
73147861; 10 31 32 39 27; 2 3; 31-8-1986
83942514; 25 17 33 15 22; 9 3; 4-12-1970
62558453; 5 21 17 2 8; 4 1; 28-5-1939
42330920; 38 20 24 37 14; 2 10; 18-5-2004
96048755; 45 31 3 9 7; 5 3; 6-5-1976
63359193; 17 38 40 21 6; 8 10; 20-10-1949
34133615; 9 48 31 42 17; 2 5; 11-2-1914
58440220; 33 28 3 21 26; 3 7; 25-11-1912
06916363; 8 41 16 49 15; 1 10; 11-2-1974
30505371; 46 22 16 6 32; 8 10; 3-4-1965
68643925; 28 42 27 26 47; 5 10; 18-3-2000
56681749; 4 14 38 36 28; 2 10; 12-3-2015
81816969; 17 14 26 15 20; 4 9; 29-5-1904
07401489; 3 39 12 34 44; 5 1; 10-2-1943
63230288; 20 14 37 29 17; 3 9; 26-4-1903
71180610; 45 27 33 18 43; 5 1; 18-11-1966
57132138; 7 47 38 18 28; 7 10; 5-8-2006
69812528; 18 15 8 25 49; 9 10; 22-5-1940
96169891; 28 38 3 15 40; 7 3; 28-2-1975
00897573; 26 44 21 49 27; 2 1; 23-4-2008
55165715; 13 26 20 19 18; 5 4; 11-7-1987
71303090; 49 32 9 16 30; 5 9; 13-4-1975
59081442; 20 37 48 30 5; 5 10; 18-8-2011
94495566; 26 30 33 14 20; 10 7; 3-11-1906
97929714; 22 43 20 31 30; 2 1; 12-12-1901
82724999; 38 6 23 24 31; 1 2; 16-12-1920
94434785; 10 1 31 3 9; 9 4; 6-6-1961
