38064355; 9 13 16 23 45; 5 4; 14-7-1912
13938163; 12 26 7 11 8; 7 3; 24-11-1905
86354872; 34 42 44 4 32; 5 4; 26-1-1920
48430823; 13 37 40 39 21; 3 5; 20-9-1946
72334491; 9 16 44 4 38; 6 7; 17-2-1955
10099834; 33 2 21 6 46; 2 9; 28-8-2000
74163225; 5 11 30 48 22; 5 8; 8-9-1901
41555648; 16 45 46 13 11; 6 9; 27-3-1995
89580208; 26 39 12 16 4; 1 3; 1-10-1932
74051639; 6 33 17 25 39; 7 5; 12-2-1936
76273358; 34 20 26 17 30; 6 4; 19-6-1908
20039695; 46 9 17 36 20; 4 7; 22-6-1948
23202848; 37 49 40 34 8; 1 10; 3-11-1921
93582710; 21 29 4 2 8; 8 6; 28-6-1969
61384098; 2 4 39 41 37; 1 5; 29-9-1976
18451485; 27 26 23 1 22; 5 1; 6-12-1981
29396937; 40 42 21 35 4; 7 1; 9-5-1996
17988805; 33 47 2 11 45; 7 8; 19-3-1944
39349913; 47 16 18 15 14; 9 10; 4-9-1984
89358887; 29 45 44 17 11; 2 7; 10-1-1973
52561341; 27 5 33 40 13; 6 7; 7-1-1976
94475420; 23 25 28 26 41; 5 8; 20-12-1904
09268264; 13 4 17 22 11; 1 4; 2-4-1936
53791635; 23 14 12 9 3; 5 7; 26-8-1952
90080213; 23 15 11 26 20; 3 5; 18-10-1986
15281269; 9 29 30 41 6; 1 4; 17-2-2020
61390200; 12 3 9 38 10; 2 1; 7-4-2016
11432208; 17 34 21 19 2; 5 1; 21-1-1946
99886602; 45 34 15 4 33; 7 6; 4-8-1912
03053837; 39 27 44 29 25; 4 3; 9-5-1978
08439285; 7 28 32 48 5; 1 7; 3-9-2015
46198755; 37 35 7 45 4; 1 6; 13-1-1920
87771687; 25 32 21 29 47; 9 6; 19-6-1995
42991760; 6 5 23 7 28; 5 6; 8-5-1933
47188678; 6 25 47 16 3; 6 7; 4-5-1955
11968971; 3 2 38 43 22; 5 8; 5-10-1998
99606977; 6 47 19 40 37; 1 10; 6-11-2016
95662659; 47 30 41 44 36; 5 9; 3-3-2007
84101844; 37 4 13 41 12; 2 1; 15-3-1960
14782997; 8 18 43 15 31; 8 1; 23-8-1947
41837246; 49 33 26 40 15; 3 5; 10-10-1952
07945410; 15 37 12 42 2; 10 1; 31-10-1948
46743200; 32 30 37 48 18; 5 9; 25-5-1904
75779683; 17 37 20 18 16; 5 1; 8-4-1921
91460005; 48 36 9 22 6; 1 3; 12-8-1994
50158646; 33 15 35 8 19; 2 1; 12-2-1977
72441257; 12 20 7 10 48; 7 2; 13-10-1966
92959689; 16 47 49 23 17; 4 2; 3-8-1912
38394350; 41 18 38 24 1; 10 7; 3-12-1920
80688520; 7 41 10 43 2; 3 2; 24-9-2009
96299372; 22 8 10 38 42; 5 9; 9-2-1998
86941464; 30 29 38 26 17; 1 2; 23-11-2002
22801128; 44 32 38 48 35; 3 7; 15-2-1977
82309984; 15 8 9 21 43; 8 10; 3-3-1991
96152452; 40 1 28 20 42; 3 9; 6-1-1933
95996713; 30 9 12 10 46; 2 7; 11-10-1973
11347574; 38 31 33 37 6; 3 10; 23-8-2016
16377182; 14 13 20 48 17; 7 10; 1-2-1999
52029332; 3 7 30 10 14; 8 7; 1-9-1946
99861874; 20 13 27 11 16; 6 4; 30-11-1910
73905849; 27 23 40 47 2; 4 7; 19-4-1919
86690559; 22 45 48 1 3; 5 6; 17-7-1985
98692071; 38 27 12 37 25; 8 4; 5-3-1975
16585908; 12 9 42 46 37; 5 6; 22-9-1982
08056048; 4 5 23 27 32; 3 4; 7-2-1926
38766517; 9 35 49 5 47; 3 9; 9-10-2018
63276488; 38 36 17 47 2; 2 4; 8-9-2008
17640399; 18 28 1 14 45; 1 8; 26-10-1991
88210292; 20 11 43 8 12; 4 1; 28-11-1941
00884039; 27 13 37 17 20; 2 10; 10-5-1930
82690306; 26 9 25 41 14; 3 6; 25-11-1904
02506384; 2 20 26 45 30; 9 4; 23-7-1912
58211427; 7 23 36 14 46; 6 4; 3-2-1994
13847189; 4 24 10 11 35; 6 3; 12-12-2002
38567124; 16 22 23 8 43; 9 8; 7-2-1939
84792289; 36 42 30 38 44; 8 10; 21-10-1994
62222792; 48 18 39 26 2; 1 2; 24-12-1976
72019512; 40 49 10 25 14; 3 7; 31-12-1963
66756582; 30 25 34 15 22; 6 5; 20-7-1912
96096708; 27 13 24 4 45; 3 10; 29-10-2006
84026464; 43 42 25 44 31; 6 2; 25-12-1993
24858545; 20 5 49 13 8; 3 9; 23-1-1975
93446290; 15 7 21 37 13; 7 5; 8-6-1981
87749591; 35 27 43 16 21; 2 1; 15-10-1937
16485296; 11 27 6 33 22; 8 6; 11-9-1990
95732127; 45 26 40 28 35; 9 5; 11-1-1959
32820428; 42 16 9 46 47; 5 9; 17-11-1935
04501727; 33 5 23 10 8; 7 2; 2-2-1919
16791341; 43 44 37 24 10; 5 1; 14-12-1904
47511667; 28 17 19 10 11; 6 7; 4-1-2016
24672802; 10 16 22 49 9; 6 5; 11-10-1950
09142636; 49 13 45 2 14; 6 1; 7-3-1927
31446334; 12 28 35 29 14; 7 3; 8-5-2009
30506301; 22 28 9 13 44; 4 10; 26-5-1988
36713709; 31 40 41 45 20; 8 7; 4-12-1955
97732620; 35 22 40 11 23; 1 8; 4-10-2001
72925643; 9 21 27 28 41; 3 1; 3-8-2009
70428326; 48 39 27 6 13; 6 7; 4-7-1931
50263624; 34 14 41 26 33; 1 5; 9-1-1950
68653617; 42 19 22 8 15; 10 3; 22-12-1969
36540637; 15 1 11 30 23; 8 4; 3-10-1975
47476516; 6 12 41 9 33; 3 6; 27-8-1959
49196951; 31 43 6 48 37; 3 1; 8-11-1956
88373117; 39 47 9 45 6; 6 8; 1-9-1973
12310967; 21 36 45 38 12; 9 8; 26-11-1923
49837281; 6 3 19 18 27; 7 4; 13-2-1909
52922948; 38 29 21 32 20; 3 5; 30-3-1998
29571509; 1 10 2 6 34; 1 3; 20-5-1980
46578656; 35 8 32 20 15; 9 1; 8-9-1973
51775590; 13 33 47 34 28; 1 8; 2-11-1958
63644199; 37 6 26 41 46; 2 1; 25-2-2009
35512723; 18 17 49 8 27; 9 8; 5-4-1955
04505592; 1 23 33 22 8; 8 10; 17-2-1999
42042092; 23 22 9 19 6; 5 3; 27-2-1900
21322540; 28 8 40 14 19; 2 6; 5-6-1911
01764983; 19 11 32 25 31; 3 1; 31-5-2005
85368110; 8 38 4 18 45; 3 1; 1-6-1961
34853790; 21 30 28 39 37; 9 3; 22-5-1944
36357234; 20 41 19 38 15; 2 1; 13-7-2009
77830634; 19 34 15 49 17; 9 4; 18-3-1913
01396753; 29 16 20 3 13; 6 10; 20-3-2015
75953019; 30 3 2 34 45; 6 1; 16-9-1905
63113735; 22 45 3 36 10; 5 6; 20-7-2012
18852465; 4 19 28 43 36; 4 2; 27-12-1976
26200949; 34 48 38 35 16; 8 6; 23-1-2010
78070746; 26 33 30 2 12; 9 10; 26-4-1968
12181559; 19 14 11 38 48; 2 9; 3-4-1928
05649905; 15 21 29 31 28; 10 9; 19-1-1903
61324099; 32 6 45 22 42; 6 3; 28-2-1994
71732025; 4 39 27 23 41; 7 5; 11-6-1968
85190761; 27 44 15 24 31; 9 10; 13-4-1910
90000713; 46 9 4 11 30; 9 2; 10-4-1955
43630698; 19 49 1 20 15; 5 7; 2-2-1989
18443068; 30 45 41 11 10; 5 4; 14-5-1969
82238824; 9 21 11 20 7; 6 2; 16-2-1933
32542778; 35 22 19 28 49; 7 3; 21-11-2007
38545684; 7 34 5 26 20; 2 10; 20-12-1950
93818681; 36 42 26 47 1; 5 9; 20-2-1962
09502681; 29 42 43 30 36; 7 3; 11-9-1976
43277382; 42 36 17 12 9; 5 3; 1-3-1999
90142040; 40 7 25 6 38; 9 1; 27-6-1940
39480947; 31 48 13 6 18; 10 4; 25-8-1961
24953291; 40 21 12 13 48; 5 4; 10-2-1982
77782934; 11 23 9 42 46; 9 10; 22-4-1979
32166372; 6 41 24 28 31; 8 9; 26-1-1920
62585320; 35 22 12 37 26; 4 5; 3-12-2007
55762698; 27 43 26 13 28; 5 4; 15-6-1944
59721939; 7 6 27 35 40; 10 3; 26-8-1969
44753028; 19 7 20 47 44; 7 1; 15-2-1961
26803623; 42 8 11 34 14; 4 6; 26-6-1950
02688104; 37 4 30 42 46; 4 6; 12-10-1998
22291622; 22 40 14 23 12; 8 1; 24-9-1951
33578512; 19 46 37 42 6; 3 8; 22-2-1911
20465820; 4 39 48 44 1; 8 5; 4-4-1992
28832247; 27 6 13 43 48; 9 5; 29-6-1969
94818125; 29 10 33 21 24; 9 10; 30-10-1933
95880635; 14 25 17 12 41; 6 5; 15-4-1943
80173494; 48 11 24 27 3; 3 9; 21-8-1954
01187081; 38 24 11 6 35; 5 4; 17-1-1941
78118806; 45 18 3 47 16; 3 5; 3-11-1936
50021424; 38 23 43 5 49; 10 3; 18-12-1953
24023041; 8 44 12 47 32; 6 2; 2-3-1986
71253759; 39 21 25 37 9; 8 1; 13-12-1940
80399250; 42 41 15 4 24; 1 8; 9-6-1942
95373714; 44 5 49 39 42; 5 3; 28-10-2018
01579581; 4 22 24 33 23; 10 4; 27-10-1917
49242182; 15 42 4 19 20; 3 7; 14-11-1909
24143530; 33 43 2 11 49; 1 3; 29-12-1963
77138544; 31 19 43 25 28; 10 6; 27-4-2013
37836451; 41 19 9 36 24; 3 7; 13-9-1951
92226664; 30 37 48 27 13; 6 3; 10-11-1995
72356466; 17 15 16 41 5; 10 1; 5-9-1910
18792543; 33 44 40 24 47; 3 8; 8-10-1904
67693473; 9 15 7 19 14; 7 8; 29-6-1965
71323536; 11 34 37 14 23; 6 5; 19-7-1965
11535766; 41 48 28 29 16; 6 7; 15-5-1969
60931307; 3 49 27 36 12; 8 3; 8-4-1900
17447410; 24 25 44 43 18; 6 1; 29-9-1975
78281903; 2 15 22 8 10; 10 2; 24-4-1942
08444546; 8 25 15 4 9; 8 3; 13-11-1985
93216310; 9 15 41 46 24; 7 3; 8-4-1966
39610036; 29 33 17 45 48; 1 2; 11-4-1928
37079631; 16 33 49 44 19; 2 9; 14-12-1946
42131734; 6 31 45 46 39; 10 6; 14-12-1942
25319498; 45 1 13 12 18; 7 3; 28-10-1925
74852104; 4 20 34 43 16; 5 3; 25-3-1921
58110254; 44 9 4 18 5; 1 3; 27-11-1976
48306934; 46 18 25 14 49; 8 1; 3-10-1984
52560438; 39 48 40 27 25; 5 9; 16-8-1995
30456634; 27 10 19 26 11; 5 7; 21-1-2002
06259523; 13 35 39 41 44; 4 2; 26-1-2012
56623362; 40 47 29 25 43; 10 1; 14-12-1951
22862618; 12 36 39 43 13; 10 4; 14-10-2006
05585141; 29 48 37 10 1; 7 9; 9-4-1969
67875884; 47 16 18 39 29; 7 1; 10-10-1922
67102059; 37 23 36 44 27; 1 8; 14-1-2004
86204802; 3 35 30 22 42; 4 1; 8-12-2008
91728123; 43 11 6 28 30; 5 2; 12-9-1970
71788851; 41 20 30 29 19; 8 1; 29-8-1951
73301003; 9 48 42 5 8; 1 2; 24-12-2008
25789493; 8 45 21 12 9; 3 6; 11-7-1913
56861447; 27 4 34 14 23; 9 4; 1-3-1968
95727877; 10 6 42 44 39; 4 2; 27-11-1993
16089311; 40 13 23 26 34; 6 1; 31-10-1945
48926082; 27 38 43 2 8; 5 3; 2-2-1927
22925504; 42 19 28 1 46; 7 3; 19-1-1947
63177326; 32 47 41 44 39; 1 9; 25-8-1901
32646693; 8 21 40 29 22; 8 9; 19-3-1984
92526372; 8 24 44 38 34; 4 10; 12-3-1948
71675876; 22 7 28 48 40; 6 7; 21-10-1907
44189255; 26 27 6 47 40; 9 4; 28-3-2018
61687677; 30 37 33 11 26; 2 3; 11-3-1932
14151718; 32 29 27 36 37; 4 6; 19-2-1927
66874807; 16 20 5 49 29; 10 3; 21-6-1984
81301526; 33 2 24 42 6; 6 3; 20-8-1952
32671576; 27 5 7 2 20; 8 10; 24-2-1943
37857582; 16 42 1 43 20; 2 8; 18-11-1971
75912625; 1 22 5 26 43; 5 6; 2-1-2001
63237348; 26 30 22 18 31; 7 9; 23-2-1978
64606292; 23 40 36 46 6; 3 5; 29-7-1971
49940251; 41 42 49 21 28; 4 3; 10-8-1980
25245976; 39 40 49 15 9; 4 8; 5-2-1922
27624455; 4 2 13 18 41; 9 3; 9-5-1979
83582793; 30 6 4 45 49; 10 7; 30-3-1924
31939791; 28 11 45 40 29; 5 3; 5-9-1997
69015957; 25 21 17 8 15; 5 6; 25-2-1905
41153276; 9 23 5 36 46; 8 9; 23-5-1901
41509859; 3 34 1 5 46; 6 5; 6-11-2007
60736551; 34 48 31 7 35; 6 5; 30-12-1949
68311024; 8 38 21 20 1; 1 3; 4-9-2008
72213767; 9 39 1 12 11; 10 2; 12-2-1952
03455914; 18 43 19 22 41; 7 3; 27-5-2007
03739032; 33 44 31 1 42; 1 8; 8-12-1909
08270686; 35 17 12 40 44; 5 8; 14-9-1961
56366480; 21 34 3 28 49; 7 10; 4-9-1960
06027927; 33 19 1 3 32; 6 7; 13-4-1908
53925871; 32 39 2 25 1; 9 10; 4-8-1984
75478413; 40 1 31 48 32; 3 7; 27-11-2010
33171406; 42 2 5 41 29; 1 7; 3-7-1927
08844231; 23 27 43 11 14; 6 7; 27-12-2016
56000847; 30 4 16 40 29; 6 2; 21-11-2009
09726176; 12 11 29 31 20; 8 3; 28-3-1961
32274313; 28 3 33 27 38; 9 8; 17-2-1937
93066502; 8 13 20 33 34; 6 9; 1-1-1908
06762709; 18 6 24 28 2; 9 6; 18-4-1921
34264072; 13 19 12 8 16; 2 7; 16-12-1981
56192523; 34 40 16 8 39; 4 9; 18-1-1934
68934785; 11 32 40 34 19; 6 10; 22-2-1993
97430462; 37 43 35 41 25; 6 7; 24-7-1954
99379750; 6 41 16 46 11; 1 5; 19-10-2012
75604673; 17 19 44 15 10; 2 6; 5-10-2001
55732468; 17 1 15 10 38; 7 5; 5-4-1934
44602087; 31 33 46 23 40; 9 1; 2-7-1987
38262697; 3 14 16 37 24; 7 2; 15-1-1933
30310354; 37 17 32 33 49; 6 4; 5-8-1941
76810185; 40 29 41 10 39; 7 8; 18-11-1930
37809787; 17 16 44 19 14; 5 9; 3-11-1959
42582406; 8 41 13 48 42; 2 7; 14-9-1955
02159656; 37 25 28 32 27; 2 1; 1-10-1922
09114045; 40 36 27 28 19; 10 8; 4-10-1939
53295116; 6 13 44 23 2; 2 4; 25-11-1903
82016984; 39 43 23 49 9; 3 8; 11-7-1924
71774189; 5 40 39 26 21; 4 10; 18-12-1973
85010403; 17 49 9 46 10; 7 4; 17-12-1982
74675593; 46 23 45 44 41; 4 5; 9-4-1932
18441318; 18 39 14 23 34; 6 1; 5-1-1998
56614519; 1 28 35 20 5; 2 5; 5-5-1943
17821493; 13 30 46 19 9; 2 8; 18-11-1993
50252767; 10 24 33 28 11; 8 3; 1-7-1920
92603762; 11 10 25 5 12; 2 8; 16-5-1908
43716862; 46 1 33 11 44; 5 10; 11-4-1957
03423740; 9 7 24 8 17; 1 7; 18-9-1989
25320386; 8 11 41 37 35; 2 7; 2-11-1908
22578390; 3 34 30 11 39; 5 1; 28-9-1961
39775484; 22 6 5 26 9; 4 2; 22-11-1927
96889250; 8 14 25 7 32; 1 7; 1-8-1945
18744976; 25 39 30 20 11; 8 5; 29-4-1981
12120798; 15 26 14 28 3; 6 2; 2-12-1931
27961442; 33 39 14 10 30; 9 10; 26-12-1934
18147083; 21 31 26 42 13; 10 4; 11-5-1939
44631746; 49 25 17 8 19; 4 5; 3-3-1915
24300111; 8 3 42 21 6; 9 4; 27-5-1997
53463967; 40 46 26 5 20; 6 10; 23-12-1948
38899998; 16 40 20 10 6; 2 4; 24-6-1927
10901702; 8 15 32 48 11; 7 4; 9-1-1923
52638272; 15 13 34 43 10; 2 1; 20-2-2009
15775955; 11 40 15 30 21; 9 1; 15-3-1923
07101320; 10 23 5 33 45; 6 2; 19-5-1957
97079013; 26 15 41 18 24; 1 10; 13-3-1969
25560819; 14 49 16 37 34; 6 9; 13-9-1989
17988497; 23 41 3 29 45; 9 1; 10-7-2003
27020967; 33 44 18 9 25; 1 10; 17-10-1923
33268043; 13 14 2 23 25; 6 3; 20-8-1934
54773959; 32 47 29 17 9; 6 2; 2-2-1941
12578344; 27 43 30 1 9; 5 6; 7-6-1914
97100563; 28 49 43 9 29; 7 1; 18-5-1923
93001979; 1 27 47 33 39; 2 8; 1-7-2013
31888979; 40 4 7 15 45; 7 9; 6-7-1901
95348866; 1 25 17 14 37; 8 2; 11-2-1937
71664672; 19 17 5 31 30; 3 8; 5-11-1969
56810364; 44 9 27 45 19; 4 6; 23-4-1933
36602381; 29 26 15 14 32; 5 7; 14-1-1939
10870941; 2 6 18 42 48; 6 2; 12-12-1985
78868202; 15 13 46 36 30; 6 10; 5-5-2009
55243173; 30 46 12 26 21; 2 6; 8-3-2007
29270969; 2 29 34 9 8; 9 1; 28-5-1909
99481571; 25 35 3 6 38; 4 8; 2-9-2020
27499782; 20 1 17 32 43; 3 1; 10-5-1924
10978681; 42 23 36 48 40; 2 5; 23-11-1939
34620869; 31 9 27 44 18; 3 8; 30-11-1906
48648435; 21 18 22 7 20; 8 1; 16-1-1949
28958046; 26 23 18 46 21; 9 10; 25-1-1935
94838015; 38 3 10 8 15; 6 8; 12-8-1945
87675301; 3 38 47 15 49; 1 8; 27-5-1963
42490686; 6 9 15 10 46; 9 10; 6-10-1995
62515449; 48 34 17 10 27; 2 1; 1-2-1952
07530515; 35 9 42 16 19; 4 1; 5-4-1937
79415270; 17 47 18 16 26; 3 7; 29-11-2017
67919241; 38 4 6 11 12; 3 7; 28-12-2019
40110961; 23 44 37 46 34; 8 5; 9-6-1927
45535681; 17 5 35 9 31; 5 10; 5-4-1919
03911091; 31 42 39 43 6; 2 8; 9-11-1930
69781030; 33 45 20 2 7; 10 6; 6-8-1994
00154174; 38 5 39 35 40; 9 3; 4-3-2008
23769716; 24 3 44 22 45; 2 5; 21-6-1932
62644945; 46 15 26 35 37; 3 7; 4-8-2007
09221553; 27 35 26 17 9; 3 7; 14-10-2017
30941004; 42 1 17 3 48; 8 3; 22-9-1952
20498593; 42 13 49 19 44; 4 7; 5-12-1911
29798380; 19 45 49 39 28; 6 2; 15-11-1984
36073235; 11 10 42 44 12; 2 7; 10-8-1966
84567426; 42 27 12 44 38; 1 9; 2-7-1974
56848086; 45 42 24 27 39; 7 8; 4-11-1943
47371990; 17 49 45 21 20; 2 9; 2-11-1916
16135149; 32 8 5 31 3; 6 2; 20-7-1982
65345077; 49 46 1 12 15; 1 10; 28-1-1938
71540947; 30 38 15 13 29; 10 6; 4-4-1974
44420410; 18 3 11 38 36; 8 6; 21-2-1930
93903961; 49 8 13 40 25; 7 4; 6-12-2002
72281094; 45 40 7 48 20; 10 7; 31-1-1984
69068081; 12 34 36 24 5; 6 1; 20-3-1902
95065128; 1 2 22 29 36; 8 5; 26-8-1925
36043576; 20 37 36 48 42; 6 10; 1-6-1984
91844507; 30 32 38 12 11; 6 4; 10-10-1967
02528856; 10 42 48 12 30; 9 10; 6-11-1928
62616715; 34 38 17 39 11; 9 8; 1-2-1902
91182954; 45 46 7 22 8; 4 3; 10-3-2004
40987718; 9 46 29 16 14; 10 1; 21-9-1931
49302691; 10 15 19 46 25; 2 10; 14-7-1907
20088847; 29 28 42 49 39; 2 7; 8-12-1966
21415658; 26 6 41 38 1; 3 8; 4-7-1909
42277957; 25 42 8 28 18; 7 2; 27-4-1946
95675356; 32 12 2 16 5; 10 9; 16-1-1953
69297128; 10 12 19 20 33; 7 1; 19-1-2009
47610553; 14 30 46 1 2; 4 3; 16-9-1995
60815080; 7 14 26 33 44; 4 7; 30-7-1961
87405970; 26 14 21 33 22; 4 7; 28-4-1924
86112232; 35 34 46 33 23; 5 10; 25-1-1941
12693394; 39 26 10 38 14; 1 8; 11-8-1950
54363141; 7 35 19 1 29; 9 7; 14-1-1925
59731774; 5 34 11 32 7; 6 9; 26-11-1962
26885371; 26 19 46 38 8; 10 8; 23-5-1924
88615664; 44 28 26 18 21; 7 8; 4-11-1994
43364388; 17 14 11 44 47; 5 10; 28-2-2014
77794696; 2 16 13 31 30; 7 4; 31-1-1996
55207389; 44 39 47 49 7; 8 3; 19-10-1980
50905428; 40 19 48 49 45; 9 3; 6-1-1947
12813064; 31 39 11 44 13; 7 8; 28-5-1991
33004315; 14 43 6 39 25; 10 3; 10-4-1941
05757042; 31 49 1 6 35; 7 3; 25-1-1972
06796014; 12 29 33 18 3; 7 9; 18-9-1909
73448740; 35 36 13 11 29; 9 6; 10-5-1905
17949010; 44 23 10 46 21; 10 6; 29-1-1937
81237606; 44 33 6 38 2; 9 8; 8-3-1984
05325915; 38 44 39 22 42; 10 9; 19-7-1946
35100508; 24 13 49 48 5; 10 4; 7-1-1958
52760235; 2 5 12 34 25; 7 8; 9-8-1980
31274608; 31 21 49 29 18; 8 7; 12-12-1900
45587622; 17 12 15 44 4; 10 6; 29-6-1914
05875483; 39 23 26 34 30; 9 5; 22-4-1960
53345530; 46 25 26 29 27; 10 5; 19-1-2021
44990355; 15 33 27 39 37; 7 2; 19-11-1954
10318250; 19 46 44 16 43; 8 9; 30-6-1947
03630199; 7 32 49 27 43; 4 9; 21-7-2019
53150920; 47 46 18 4 8; 3 6; 1-8-1947
70456767; 6 29 40 19 10; 1 8; 15-8-1914
48953086; 10 9 36 19 47; 1 3; 19-2-1990
24219769; 41 39 4 28 3; 5 10; 18-7-1952
50390393; 40 18 23 47 48; 3 2; 31-3-1960
35633560; 13 3 11 18 43; 8 1; 9-11-1917
69561441; 48 49 15 5 29; 9 8; 15-11-1949
81090581; 8 40 21 26 4; 3 9; 25-10-1932
36232321; 40 13 33 21 11; 3 4; 15-5-1993
67234418; 32 38 19 30 14; 5 6; 30-4-1998
69245497; 10 20 28 8 32; 2 7; 25-6-1986
80259876; 38 22 37 44 2; 8 5; 21-2-1967
99560281; 11 1 25 18 35; 3 7; 6-3-1971
88137650; 19 24 7 27 38; 2 3; 10-5-1938
92195093; 42 45 18 30 46; 2 7; 28-11-2011
20981588; 12 32 8 15 24; 3 10; 27-6-2015
40863016; 7 27 3 41 24; 6 1; 7-2-1979
40229217; 8 28 35 47 12; 4 7; 13-5-1947
71020168; 31 3 28 2 30; 10 3; 6-2-1900
41360622; 1 47 39 40 25; 10 9; 22-9-1975
43722618; 20 35 49 30 18; 10 6; 6-3-1985
37469025; 30 10 44 25 11; 1 5; 9-6-2003
00196787; 14 38 1 5 20; 10 4; 25-9-1963
59602550; 46 1 7 10 25; 8 4; 6-12-2011
76497787; 39 45 12 32 48; 7 9; 9-3-1919
07055040; 14 32 17 18 28; 10 5; 30-3-2006
94900471; 40 1 21 25 16; 9 5; 23-9-1922
87881487; 22 43 19 17 11; 6 4; 17-8-1904
05435201; 39 24 30 35 5; 10 4; 16-3-1938
29871560; 9 1 11 31 47; 4 6; 29-11-1977
81201489; 23 44 13 35 11; 5 8; 20-12-1901
68965997; 38 36 7 47 44; 6 2; 4-5-1936
16947938; 22 41 8 21 19; 7 6; 5-11-2005
74500710; 30 18 41 48 17; 5 3; 28-11-1962
38043371; 31 13 29 34 5; 4 3; 8-4-2007
29660151; 28 1 19 32 49; 5 1; 27-10-1942
48391206; 10 1 11 2 8; 1 6; 25-2-1916
00565878; 48 35 12 29 7; 6 5; 6-1-1931
24412514; 41 21 36 28 45; 9 1; 14-2-1905
89321924; 24 1 2 11 34; 10 5; 3-8-2011
83062778; 11 37 36 32 35; 9 5; 2-10-1970
14357112; 46 38 42 39 32; 7 6; 22-4-1953
40834369; 26 19 41 36 24; 9 6; 12-8-1910
79973534; 18 14 43 45 36; 6 9; 23-5-1925
93403192; 31 38 44 16 19; 10 3; 20-12-2000
40985702; 14 28 47 15 2; 2 1; 15-9-1934
72291864; 10 45 18 5 20; 8 7; 28-2-1923
61819132; 47 40 22 46 12; 3 9; 24-2-1977
48069684; 13 24 1 46 27; 2 8; 8-2-1920
91579878; 1 17 3 7 30; 8 10; 14-4-1932
25550775; 48 4 31 19 47; 6 2; 28-5-1969
39849235; 13 36 12 30 27; 8 10; 28-7-1919
00199332; 11 2 28 38 47; 6 7; 9-3-1913
80714528; 3 39 22 35 43; 4 9; 30-1-1960
02338346; 11 32 44 41 20; 6 10; 21-6-1954
57471100; 14 48 5 45 46; 6 4; 20-11-1959
49222350; 46 19 32 30 10; 10 2; 25-9-1975
79327507; 12 42 26 38 35; 1 4; 27-5-1960
33453814; 39 10 17 14 38; 2 8; 27-9-1948
26567296; 39 21 35 46 4; 4 3; 2-12-1959
32040730; 27 42 48 26 33; 7 5; 22-10-1943
16067069; 35 24 8 37 31; 2 8; 2-11-1968
99015675; 6 2 22 15 47; 9 3; 5-2-1916
50783581; 6 15 17 7 35; 3 4; 2-5-1911
43733802; 5 42 27 41 7; 6 3; 1-1-1950
48557039; 38 40 35 33 28; 6 7; 19-6-1981
32782014; 13 47 26 41 48; 10 9; 31-7-1908
12036187; 21 31 18 44 5; 9 4; 30-10-1942
43533114; 36 31 41 35 21; 7 3; 23-5-1956
80183713; 6 31 34 22 25; 6 5; 5-5-1990
65936424; 48 27 14 31 36; 2 3; 26-9-1907
22164802; 17 8 26 34 25; 6 1; 6-11-1952
02248678; 7 22 48 9 34; 6 9; 31-10-1935
96137825; 36 19 12 48 29; 10 7; 4-11-2015
33158366; 48 4 16 27 39; 5 7; 10-12-1968
83580523; 10 2 5 44 20; 10 7; 16-8-1900
00269492; 31 10 33 25 35; 4 10; 9-2-2016
15456836; 35 21 30 34 11; 5 3; 28-9-1909
75330346; 29 24 8 11 2; 5 1; 5-3-1928
60709043; 47 8 49 21 17; 3 4; 15-1-2003
02190597; 6 3 44 32 13; 1 8; 4-9-1978
67293704; 12 27 4 46 5; 9 1; 20-10-1918
92407870; 39 25 11 49 22; 8 4; 9-11-1984
68344970; 39 14 22 41 31; 3 6; 7-9-1973
35391429; 35 36 15 17 14; 1 6; 20-11-1966
39042224; 9 46 7 39 5; 1 2; 28-7-1965
35258912; 35 42 21 3 4; 3 8; 25-2-1919
27968394; 7 44 8 35 26; 4 6; 26-10-1980
89171699; 17 49 9 16 35; 3 5; 25-10-1961
10471391; 20 25 41 28 12; 8 7; 16-2-1985
22938716; 47 14 43 6 11; 9 4; 31-5-1931
98660678; 38 17 39 24 42; 3 8; 8-8-1976
84181525; 46 15 10 42 11; 9 4; 20-10-2012
24022942; 10 29 43 30 47; 8 2; 17-8-1938
85665044; 36 42 28 48 14; 2 5; 17-12-1950
82117570; 20 4 5 45 47; 9 5; 12-9-2004
17584820; 5 9 4 42 26; 2 9; 26-12-1929
44292099; 1 39 16 37 24; 10 4; 3-9-1906
28202427; 3 38 24 18 48; 7 9; 9-12-1954
12838257; 46 42 13 35 24; 2 7; 13-6-1954
87422660; 45 12 4 47 1; 5 4; 6-2-1914
37472308; 17 2 8 1 11; 8 1; 25-8-1992
69948612; 9 1 14 6 21; 6 7; 24-3-1981
53684860; 22 37 12 38 9; 5 8; 11-9-1979
69325846; 14 36 24 20 27; 8 7; 1-6-1999
78695347; 36 8 46 25 3; 2 3; 25-11-1954
67135766; 8 13 3 32 44; 10 2; 19-8-1940
79766029; 4 23 13 39 33; 5 6; 12-11-1928
85551020; 47 48 26 22 41; 1 2; 30-9-1965
17853136; 23 19 24 42 10; 5 2; 12-8-2014
34420217; 26 13 36 17 7; 9 7; 17-3-1952
74205198; 42 12 39 1 13; 1 3; 12-11-1948
89540100; 37 34 24 29 18; 4 7; 19-9-1908
03501018; 8 7 18 19 12; 6 2; 24-2-2001
03908519; 33 19 5 9 42; 2 6; 6-11-1908
26466308; 15 35 3 1 11; 5 8; 23-11-1912
90430091; 28 41 33 32 16; 8 4; 5-11-1976
50932281; 15 3 39 38 35; 9 5; 19-3-1955
97800658; 45 19 26 5 30; 1 10; 14-9-1990
08771578; 37 2 40 9 36; 9 2; 8-8-1951
85787041; 35 36 24 6 15; 1 6; 18-7-2019
91106882; 24 36 9 2 21; 7 9; 7-12-1946
45058080; 8 28 11 24 48; 3 10; 27-10-1945
91108288; 3 24 47 33 7; 6 9; 12-6-1913
40058395; 30 35 10 48 9; 3 10; 30-9-2011
59433443; 24 16 43 27 18; 8 5; 25-10-1904
43098790; 5 45 7 9 2; 1 6; 22-10-1929
64056725; 2 21 15 48 29; 7 4; 25-6-1994
69176341; 28 27 16 2 30; 5 9; 26-7-1961
91310674; 43 40 8 18 10; 1 5; 13-12-2010
48164179; 31 11 9 47 36; 3 4; 23-11-1905
48162011; 29 40 28 27 19; 8 2; 6-9-1976
50820244; 15 29 38 39 13; 10 8; 4-10-1963
67504236; 20 5 18 3 21; 8 2; 1-11-1990
65802143; 1 26 35 41 4; 7 6; 10-11-1969
61292086; 3 35 24 28 8; 5 7; 29-5-1921
30919105; 17 38 44 8 37; 5 9; 5-3-2012
84807403; 20 36 38 4 8; 3 7; 25-3-2011
11384743; 13 9 21 33 15; 9 7; 13-3-1966
32958145; 30 37 41 16 15; 1 7; 31-10-1935
63597129; 28 1 11 25 10; 9 4; 14-12-1918
78185195; 11 37 1 49 45; 9 3; 16-2-1942
98302833; 33 44 34 29 7; 6 10; 5-2-1949
28708198; 5 17 24 44 4; 6 8; 20-12-1932
80027272; 9 40 37 17 2; 6 4; 6-8-1901
57979045; 39 48 27 24 47; 4 5; 15-8-2011
52310948; 37 39 38 35 7; 9 4; 19-10-2021
19057810; 47 6 35 27 15; 6 5; 6-7-1955
47028347; 39 32 11 26 7; 10 3; 4-8-1918
50543295; 8 45 27 31 33; 1 9; 15-2-2016
44273182; 16 34 33 36 24; 1 4; 6-1-1934
32702878; 28 33 5 22 7; 6 8; 9-5-2003
50430787; 42 19 11 10 34; 8 4; 18-2-1961
81592510; 8 21 47 14 20; 8 7; 24-12-1933
97222955; 30 8 48 26 49; 2 4; 5-5-2010
90655171; 7 33 49 22 20; 6 5; 6-5-1988
30376715; 17 11 18 7 28; 7 1; 21-2-2007
39008840; 26 46 5 9 8; 7 3; 10-3-2014
47589288; 13 44 30 11 10; 4 5; 7-12-1909
07863382; 3 42 6 7 10; 1 3; 24-1-2011
07057563; 36 43 45 15 14; 10 1; 1-3-1925
01165536; 45 14 38 29 18; 9 10; 18-2-1927
30536062; 43 30 42 45 18; 2 5; 15-3-2000
33358306; 27 32 6 5 19; 6 7; 31-8-2018
44655516; 25 17 26 21 22; 3 9; 11-6-2007
17828049; 47 14 27 16 36; 10 2; 13-1-1942
71520149; 23 14 28 47 37; 5 6; 22-2-1928
14415458; 1 22 38 30 9; 6 2; 22-8-1965
40272496; 1 31 22 47 17; 10 1; 23-3-2006
01235594; 34 3 1 29 40; 4 5; 12-12-1962
07322589; 49 30 16 11 20; 9 3; 20-8-1973
96756371; 1 31 5 43 28; 9 5; 30-5-1913
10229375; 25 40 28 34 35; 10 4; 29-6-1937
08572173; 18 2 8 49 20; 3 1; 30-6-1973
75446497; 20 29 9 36 42; 4 2; 21-11-1964
38773204; 23 7 2 28 36; 10 6; 1-3-1998
64888043; 14 26 25 43 13; 7 2; 24-11-1966
42719591; 38 27 12 22 29; 8 3; 25-5-2001
64966488; 44 32 12 15 46; 9 2; 25-8-1912
23121427; 28 46 48 25 18; 5 10; 7-11-2021
37927807; 20 40 22 31 28; 4 7; 8-2-2006
54699593; 32 4 48 42 37; 1 10; 5-5-1940
83715883; 45 8 14 13 10; 10 7; 6-2-1968
53131618; 6 9 12 47 30; 2 8; 12-8-2012
17614184; 30 1 13 35 8; 7 2; 17-10-1971
12225593; 1 30 12 20 7; 7 6; 3-8-1978
13305902; 25 46 30 18 44; 1 4; 30-9-1934
87489233; 1 7 13 49 8; 7 8; 5-8-2010
92386608; 43 49 18 10 14; 5 2; 1-8-1953
16757727; 36 26 11 7 47; 7 1; 14-10-1998
84879576; 44 33 11 38 19; 3 1; 29-6-1951
89330009; 37 24 46 33 42; 7 8; 18-5-1953
22730708; 17 11 41 36 23; 8 10; 19-11-1908
45387330; 17 41 16 21 11; 8 6; 5-2-1997
50756569; 26 16 6 25 8; 6 1; 14-4-1975
70460992; 42 24 3 8 5; 10 9; 14-5-1936
29376507; 10 39 15 16 22; 6 7; 10-5-1985
13463170; 40 37 48 4 26; 1 9; 8-3-2008
66926995; 49 16 28 26 35; 5 1; 12-1-1955
20042376; 10 4 37 22 47; 9 2; 6-9-2011
55474109; 27 49 41 24 40; 10 1; 26-11-1921
00801606; 17 33 8 20 10; 2 3; 29-8-1908
98350420; 24 48 23 26 19; 5 10; 1-11-1959
74467552; 39 35 13 29 42; 1 3; 14-11-1947
54788154; 27 40 30 13 26; 6 1; 14-6-1902
26751410; 45 11 5 35 39; 3 10; 30-5-1980
56769340; 49 17 2 22 8; 3 2; 1-10-1970
30292249; 28 30 44 32 25; 10 6; 24-12-1952
03665290; 40 32 13 5 28; 9 1; 5-7-1997
19175320; 25 37 35 47 8; 7 9; 25-8-1915
39183513; 3 21 43 40 17; 9 1; 28-11-2006
26508389; 26 2 19 42 12; 1 4; 24-1-1965
59232084; 44 26 4 32 45; 5 6; 4-7-1956
13484947; 32 37 48 4 10; 6 7; 17-8-1992
82034011; 34 35 28 27 18; 3 2; 31-3-1989
90023140; 37 24 26 49 20; 1 9; 16-1-1998
43582243; 26 15 2 35 29; 5 3; 20-1-1982
20310119; 7 38 30 35 11; 9 7; 27-8-1943
54897586; 40 10 28 34 4; 6 3; 20-7-1945
73840497; 20 1 32 41 37; 2 8; 23-10-1960
42372799; 28 31 3 37 6; 2 9; 23-9-1986
59456946; 44 48 26 42 5; 1 6; 24-4-1909
52620190; 11 49 9 34 28; 4 10; 20-9-2011
61116397; 14 2 30 33 11; 10 4; 7-8-2009
56028674; 38 34 47 48 7; 10 5; 23-5-1954
25758201; 21 3 47 26 31; 2 7; 4-1-1948
19292451; 10 13 5 34 35; 3 4; 27-6-1905
65550786; 9 1 47 32 36; 5 10; 27-3-2019
69140357; 10 21 49 24 16; 2 5; 29-1-1936
96945319; 17 12 24 3 28; 3 1; 2-9-1986
06792903; 48 17 22 18 14; 6 3; 9-8-1916
82621106; 26 6 31 48 15; 1 5; 5-1-1962
77470609; 41 22 49 33 10; 1 6; 10-11-2020
96897164; 15 48 29 44 2; 2 10; 18-3-1968
76868214; 43 12 1 44 24; 2 8; 12-9-2006
03951800; 45 40 36 44 1; 1 7; 1-11-1965
68032638; 7 30 5 41 47; 3 6; 27-6-1906
35839762; 41 12 25 5 27; 9 1; 4-3-1942
69470467; 18 1 45 17 29; 7 2; 20-6-2018
85610324; 10 14 21 8 4; 5 4; 29-10-1977
62981726; 38 10 6 9 37; 7 10; 3-11-1970
98861351; 22 19 37 41 39; 7 5; 7-7-1995
94260650; 23 8 32 28 3; 3 8; 18-11-1989
89424985; 11 10 24 48 35; 7 4; 30-4-1942
12168363; 12 39 19 34 5; 5 7; 1-5-1971
61434341; 47 35 18 11 2; 2 8; 28-3-1998
91018568; 42 9 41 12 22; 10 2; 28-1-1995
19519433; 45 24 7 37 34; 7 6; 1-2-1947
65509399; 11 45 25 19 43; 7 1; 2-10-1948
97541976; 36 34 17 8 33; 8 6; 12-2-1970
30867564; 16 12 37 43 7; 6 2; 8-9-1937
88420117; 48 41 34 35 42; 9 7; 8-4-1990
33513200; 38 24 25 26 18; 4 1; 6-10-1979
97005862; 2 28 33 25 41; 4 2; 24-2-1974
07361637; 26 5 47 20 34; 2 9; 24-12-2013
98205678; 13 20 29 21 41; 4 5; 3-9-1912
82028033; 14 20 17 26 2; 3 4; 15-1-2009
45383198; 25 6 30 31 35; 3 8; 24-11-2004
71605443; 32 49 23 14 3; 9 1; 9-5-1908
51744198; 46 26 2 17 48; 6 5; 21-3-1962
60525713; 36 45 19 7 2; 6 3; 18-4-1933
37584857; 8 41 23 9 19; 2 9; 3-4-1969
44161088; 40 26 42 25 11; 1 7; 20-5-1928
83349917; 4 9 16 20 48; 5 9; 17-4-2018
70813099; 41 32 6 49 15; 9 8; 10-11-1973
33068741; 4 6 13 18 49; 1 9; 28-2-2016
49642662; 45 21 5 47 15; 5 6; 9-11-1925
18500551; 32 28 45 17 24; 5 2; 24-3-2020
94375996; 47 49 28 29 15; 7 6; 10-10-1933
03296266; 22 19 4 24 12; 9 4; 25-12-1951
77717994; 25 6 44 47 9; 8 2; 1-12-1901
96985680; 21 43 1 23 49; 5 10; 3-8-1954
43246632; 44 41 23 27 25; 7 10; 21-6-1906
83846481; 3 11 23 9 43; 1 6; 29-1-2010
91551341; 39 26 8 5 2; 4 10; 19-6-1949
32291040; 24 34 9 30 32; 2 4; 2-10-1990
93408295; 48 15 29 4 9; 10 2; 24-4-1901
61850627; 8 9 21 15 49; 5 10; 9-4-1949
44286455; 36 22 12 45 23; 2 10; 24-12-1915
11965050; 46 20 39 27 42; 6 2; 13-3-1975
78123915; 45 14 34 7 24; 4 3; 15-6-1949
87751525; 28 6 34 37 33; 8 2; 24-10-1983
81133591; 26 10 13 5 33; 7 5; 24-11-1971
84007771; 16 40 8 4 9; 10 4; 14-5-1959
14169782; 37 9 26 29 4; 3 10; 23-1-1909
31887666; 10 36 38 47 7; 8 10; 23-3-1962
73855375; 3 42 27 44 26; 5 3; 12-1-1913
55546073; 43 6 33 25 15; 3 6; 14-3-1970
07313981; 15 1 5 23 47; 1 6; 25-2-1901
02863176; 8 31 35 10 2; 4 9; 23-10-2017
84106822; 2 37 38 48 1; 2 9; 11-11-1912
07625314; 43 31 21 33 10; 5 10; 1-6-1909
13900084; 40 4 7 14 2; 9 10; 2-5-2007
54728339; 22 9 32 13 34; 6 3; 24-11-1975
26216501; 33 4 39 15 34; 5 10; 15-12-1959
26648971; 7 2 4 10 23; 1 4; 1-8-1912
74175589; 26 36 5 15 44; 2 7; 8-6-2009
27496495; 14 46 35 5 24; 4 9; 15-10-1965
35708232; 11 3 34 35 32; 3 6; 19-4-1952
29573907; 38 2 16 5 47; 8 10; 17-9-2021
94975464; 25 16 17 47 15; 2 6; 14-8-1957
86664388; 3 5 29 11 15; 6 7; 22-1-2021
32283231; 6 4 22 31 2; 3 10; 29-12-1984
11045887; 19 39 33 14 24; 6 10; 17-11-1909
66171680; 45 3 6 1 24; 9 2; 19-6-1952
88537524; 30 14 8 13 16; 10 5; 30-10-2002
51800449; 3 18 22 24 1; 7 9; 5-5-2005
19211394; 12 46 13 32 29; 6 2; 24-9-1935
73581374; 38 35 31 29 39; 1 5; 20-11-1922
34048256; 27 19 23 7 30; 8 4; 9-6-1950
21878392; 9 3 44 38 17; 2 7; 10-3-1976
52813772; 12 18 7 28 15; 9 7; 20-11-1925
39873515; 33 24 6 46 5; 7 8; 29-5-1977
17639088; 31 35 2 19 4; 2 5; 4-9-1917
67169183; 12 3 11 43 27; 8 6; 22-5-2008
05481313; 11 36 49 22 29; 10 7; 20-3-1941
96670929; 6 10 37 8 11; 10 2; 17-7-1910
98850526; 12 40 15 23 35; 3 9; 15-2-1977
08309473; 27 4 14 44 1; 3 4; 29-7-1905
34454376; 11 45 42 15 25; 8 3; 19-1-2021
71936175; 5 8 48 40 37; 5 8; 13-9-1971
06781901; 6 28 42 46 36; 1 9; 9-9-2006
35758698; 37 38 28 39 9; 4 9; 18-3-1937
79687077; 18 23 32 27 26; 4 2; 10-10-1941
05780415; 9 10 13 45 39; 8 3; 23-3-2004
39360041; 39 48 6 27 11; 9 4; 5-7-1914
87417918; 3 23 38 1 35; 5 4; 29-10-1953
02156186; 7 9 23 30 18; 9 4; 14-4-1948
06638933; 43 40 14 34 29; 2 1; 13-12-1960
53304033; 40 10 7 6 21; 2 8; 5-7-1968
32227873; 31 18 5 48 13; 6 9; 23-4-1971
41261782; 14 47 4 19 11; 10 7; 11-9-1935
27197729; 22 5 21 1 24; 2 8; 27-4-1918
80382012; 42 24 37 47 41; 6 9; 1-6-2013
33261772; 31 29 25 46 9; 10 9; 17-2-1927
71371780; 12 43 5 37 34; 8 3; 3-7-1918
32071711; 39 7 6 22 33; 3 6; 19-12-2002
18576528; 22 16 20 6 28; 10 8; 10-3-2013
73313911; 29 23 26 37 38; 3 1; 21-2-1908
88788852; 36 32 40 1 38; 6 2; 4-5-1940
02849539; 13 38 20 31 29; 3 6; 13-8-1930
93272650; 8 1 29 39 43; 9 10; 9-10-1977
27704235; 49 23 4 35 13; 1 8; 25-1-1975
91184399; 4 46 7 9 39; 1 7; 4-4-1920
49133107; 10 43 45 1 17; 1 4; 3-10-1904
18834307; 31 32 33 17 4; 7 3; 3-3-2016
44350613; 17 21 12 22 44; 1 10; 27-3-1988
48891691; 31 46 47 36 37; 2 9; 23-4-2011
46658003; 11 2 12 17 20; 1 2; 16-10-1900
22523134; 19 21 20 14 23; 3 1; 12-1-1943
97589726; 49 20 47 12 19; 10 8; 1-5-2020
18706239; 14 18 48 41 36; 8 5; 25-12-1997
18513454; 28 11 18 26 4; 2 10; 18-10-1902
52844497; 21 49 18 13 10; 5 3; 27-2-1962
71722870; 35 7 8 20 6; 7 6; 18-3-1917
91280358; 9 3 20 34 27; 8 7; 8-7-1996
60575514; 27 49 40 30 25; 4 3; 5-6-1978
98629171; 44 42 37 7 5; 7 4; 10-2-1928
71234075; 36 23 16 34 9; 9 2; 21-10-2020
22437971; 22 13 6 43 45; 5 6; 7-11-1946
29043183; 42 1 37 46 40; 10 5; 27-5-1999
01134076; 8 42 33 30 45; 5 6; 23-7-1932
24770101; 11 44 29 10 32; 9 7; 12-8-1972
70768346; 49 14 5 44 9; 10 9; 26-6-2021
73905775; 9 14 36 1 25; 5 1; 21-6-1920
49888364; 40 2 17 8 24; 2 6; 31-1-1950
63125051; 23 5 30 11 35; 6 4; 2-6-1989
75163230; 41 28 18 32 36; 8 2; 27-2-1933
04305663; 4 26 42 18 32; 1 8; 9-5-1902
81219102; 18 36 6 11 39; 10 6; 27-2-1959
40244063; 29 26 15 37 4; 9 2; 28-7-1996
99220506; 31 26 3 4 15; 2 4; 6-4-1955
52997320; 26 32 46 36 48; 2 7; 23-1-1941
48752333; 21 9 31 2 25; 7 4; 1-12-2006
04706236; 4 20 24 23 46; 9 3; 3-4-1951
41214287; 29 20 9 40 39; 4 8; 27-2-1912
13769678; 12 31 24 13 10; 1 5; 14-8-1984
53534193; 2 10 35 44 39; 9 8; 20-2-1931
57290095; 14 8 20 2 31; 3 1; 27-9-1904
14646336; 43 26 49 3 11; 6 9; 23-4-1996
85708207; 30 5 10 12 15; 4 10; 17-2-2017
25524400; 1 31 23 5 10; 2 5; 12-10-1955
52229919; 6 13 37 41 31; 3 4; 8-10-1959
04583409; 24 21 32 47 1; 1 8; 28-7-1962
29841030; 11 2 37 9 12; 6 4; 19-9-1976
55614873; 22 11 31 13 47; 9 5; 12-6-1968
39372080; 48 30 24 17 18; 10 1; 2-5-1983
97431253; 19 10 9 44 11; 4 6; 5-10-1907
36040587; 23 44 20 21 35; 8 1; 4-3-2018
13350415; 31 42 44 3 43; 4 5; 2-2-1910
69829478; 28 20 8 19 31; 2 6; 1-4-1973
09458029; 16 44 38 42 39; 3 1; 23-7-2014
05586224; 31 46 19 12 40; 8 10; 24-3-2003
80987651; 18 7 29 3 45; 8 9; 10-10-1963
07328915; 3 32 16 1 26; 4 7; 7-8-1923
84001945; 14 34 37 31 3; 4 10; 18-8-1967
49771161; 39 11 38 28 4; 10 3; 30-5-2002
39380534; 20 16 17 32 24; 6 3; 6-1-2015
56752514; 17 35 10 25 1; 2 7; 30-10-1999
54124046; 35 41 46 28 23; 7 10; 30-8-1997
98032775; 5 42 27 34 7; 5 3; 19-9-1908
80692709; 23 18 10 34 24; 3 5; 11-6-1905
61261842; 47 2 41 29 21; 8 10; 15-12-1981
09472205; 38 6 5 20 41; 4 1; 22-7-1977
40964894; 38 46 19 11 39; 4 8; 23-7-1910
61519980; 2 35 26 45 33; 5 9; 25-9-1991
34665246; 33 18 9 15 19; 6 5; 29-8-1923
34767947; 47 49 2 3 31; 2 5; 10-10-1953
26598137; 7 14 40 36 46; 3 9; 28-9-1981
46928974; 28 37 45 34 4; 4 6; 21-10-1974
86498306; 41 27 42 22 29; 2 8; 27-8-1942
11455155; 43 9 36 6 10; 9 1; 5-2-2018
27341148; 27 30 7 35 33; 9 4; 28-9-2015
62505204; 6 47 4 35 34; 1 6; 3-2-1985
58030868; 36 40 39 8 5; 2 1; 31-3-1979
66356225; 9 1 39 33 46; 4 10; 10-3-2011
05036222; 49 23 8 24 45; 2 7; 29-6-1937
19946390; 12 8 1 39 42; 7 4; 18-4-1973
66025389; 48 12 13 1 33; 2 1; 19-9-1980
12858532; 6 8 24 35 26; 8 2; 22-5-1919
32726868; 28 44 5 37 40; 2 5; 18-11-1920
82470936; 32 5 29 25 2; 3 9; 10-6-1963
53375556; 34 40 48 24 25; 5 1; 21-2-1907
39687939; 3 37 21 26 11; 1 9; 3-2-1951
86601516; 19 47 33 31 25; 5 8; 29-8-1970
57070744; 32 18 34 23 47; 8 6; 19-6-1990
19402847; 41 16 15 25 21; 9 10; 30-9-2000
71197174; 19 15 35 1 8; 4 8; 29-3-1935
14363106; 49 45 23 40 36; 3 10; 5-10-1954
82353849; 25 30 22 45 15; 10 7; 30-9-2006
52865550; 31 12 7 40 3; 5 10; 17-7-1964
30636606; 14 2 15 35 21; 9 10; 14-10-1926
02967174; 16 32 1 5 18; 4 6; 21-6-1931
34705893; 49 46 13 11 3; 3 9; 5-12-1945
16676800; 36 34 47 19 14; 9 7; 19-7-1924
82420386; 47 28 32 24 6; 6 2; 26-6-1948
21371949; 18 35 2 34 49; 5 6; 22-5-1949
48024267; 48 25 42 33 19; 10 3; 5-8-2006
37941124; 31 25 26 7 1; 2 10; 24-12-1957
89536505; 14 3 24 25 21; 2 1; 8-8-1959
66147977; 38 7 6 17 1; 6 3; 4-8-1989
63217142; 39 36 49 41 31; 1 2; 18-5-1997
54480447; 2 20 40 29 27; 8 10; 1-12-2009
38412363; 31 23 42 41 33; 5 1; 20-5-1972
78984095; 42 13 6 32 33; 6 5; 19-3-1915
77891500; 11 34 28 31 25; 7 6; 3-2-1955
62075989; 37 20 5 28 24; 2 4; 8-5-1922
61162355; 40 19 37 12 32; 4 10; 23-2-1967
65355285; 22 17 29 44 15; 4 8; 19-10-1974
49230387; 27 3 47 14 12; 10 4; 4-6-1929
36092333; 31 21 12 49 28; 9 1; 29-1-2011
60048874; 34 37 8 12 13; 4 2; 12-9-1909
78668142; 30 37 15 41 43; 4 8; 29-1-1947
21079836; 16 31 46 2 9; 6 7; 15-3-1939
70645202; 25 40 31 13 33; 9 3; 13-2-2014
57350365; 46 37 30 35 4; 2 5; 13-2-1991
03901740; 31 29 33 3 21; 7 8; 12-5-1920
87759707; 36 13 46 16 48; 6 7; 19-10-1919
15803229; 23 40 3 24 42; 8 6; 25-6-1932
71598081; 39 4 3 11 29; 9 2; 7-2-1948
75984918; 8 2 42 31 12; 2 9; 22-8-1960
59620607; 20 46 44 27 16; 5 1; 12-4-1935
90037742; 6 18 32 38 26; 2 7; 11-12-1925
72066595; 12 8 30 29 47; 4 9; 11-12-1936
75151064; 24 44 27 4 39; 3 4; 28-6-1907
00591117; 11 26 3 12 16; 7 4; 20-8-2001
16053918; 10 36 26 29 41; 6 4; 30-9-2008
84504374; 39 45 4 8 9; 2 3; 1-6-2000
73406682; 16 23 27 41 13; 8 2; 9-8-1923
34671238; 43 34 46 39 33; 8 10; 15-2-2019
68942309; 11 42 4 15 24; 1 2; 21-6-1932
94915904; 39 40 22 5 34; 10 7; 2-4-2010
03075267; 43 28 27 29 20; 9 10; 8-2-2014
65444512; 37 34 3 41 17; 4 3; 1-6-2008
48106754; 5 28 38 31 29; 8 4; 20-12-1928
06908623; 38 42 34 39 27; 3 10; 4-1-1916
01399861; 13 20 8 38 18; 8 4; 10-4-2019
43594399; 9 32 20 28 26; 7 10; 23-8-1957
37402684; 28 22 45 16 43; 1 2; 31-10-1917
34716074; 32 13 49 20 12; 8 10; 11-8-1915
21851684; 25 24 21 46 44; 5 7; 22-4-1957
21392668; 1 43 7 13 27; 4 10; 2-10-1922
71992075; 20 38 6 47 18; 3 10; 20-1-1933
08018017; 34 13 32 46 12; 6 7; 23-2-1922
85934980; 17 46 12 19 20; 8 4; 3-11-2021
81897971; 2 12 11 46 7; 7 10; 21-9-1922
77476646; 20 5 48 23 35; 6 7; 3-12-2006
81104008; 16 45 12 38 10; 3 2; 25-1-2017
22699892; 13 2 31 45 16; 6 9; 7-9-1922
12085258; 7 33 22 9 8; 10 9; 3-12-1922
40300681; 8 42 38 23 31; 4 3; 7-2-2009
57107421; 45 7 37 26 10; 3 4; 29-1-2016
59386966; 46 37 14 6 33; 4 8; 15-10-1931
09261078; 9 7 2 8 42; 5 1; 1-5-1991
46884359; 37 15 12 27 25; 9 1; 28-6-2004
50415981; 22 26 10 44 40; 6 4; 3-2-2003
61969655; 17 16 21 38 18; 4 6; 2-5-1933
09645768; 15 22 17 29 5; 5 2; 3-2-1931
55158909; 6 43 44 36 9; 5 4; 1-1-1973
62925073; 16 45 23 3 21; 8 7; 1-8-1986
58047656; 19 22 7 32 18; 1 6; 6-7-1928
00067580; 17 41 49 10 14; 7 9; 8-11-1984
72807005; 9 11 3 45 6; 2 7; 17-9-2020
33490484; 26 34 4 38 10; 8 9; 29-9-1953
21881909; 10 37 5 49 35; 4 3; 6-12-1955
22298230; 24 1 23 22 18; 6 4; 20-3-1942
61209580; 20 47 38 40 29; 2 1; 22-7-1978
97961283; 24 31 37 11 34; 8 7; 23-5-1976
35937857; 34 36 48 5 25; 10 3; 21-8-2019
54033580; 38 7 30 39 45; 2 8; 30-7-1945
19879322; 20 3 33 38 15; 9 4; 22-12-1976
89912916; 40 17 13 24 32; 9 6; 21-3-1993
49694008; 7 17 28 22 32; 9 1; 22-10-1954
66724438; 25 16 5 27 12; 8 9; 8-11-1958
63034587; 24 49 46 22 40; 4 10; 22-7-1908
80688809; 5 43 1 4 10; 6 2; 21-6-2002
50118646; 39 8 35 14 17; 1 5; 11-7-1911
73261332; 8 1 23 19 41; 5 2; 27-12-2000
57874331; 5 24 27 42 23; 5 2; 3-2-1948
97267892; 11 10 41 16 24; 8 1; 10-3-1948
73076773; 30 20 27 39 7; 4 2; 10-2-2005
74738814; 35 25 42 31 14; 1 9; 10-12-1952
30355474; 15 27 23 5 29; 2 4; 28-1-2014
32663012; 46 4 30 11 16; 9 1; 24-6-1984
96569735; 8 39 38 21 5; 5 10; 20-1-1907
21040518; 44 24 18 13 43; 9 1; 22-6-1946
49639300; 46 45 44 48 23; 5 7; 17-6-1944
93412748; 44 36 12 18 31; 1 7; 8-9-1907
01041036; 26 39 3 12 33; 4 6; 16-3-1930
86394086; 7 27 26 9 40; 7 8; 14-8-2017
70871028; 17 23 15 32 36; 3 8; 15-3-1903
71103396; 46 37 40 29 16; 1 6; 2-1-1904
68103537; 31 17 33 4 48; 5 2; 1-5-1986
65588304; 31 30 2 24 27; 4 1; 22-6-1902
04098282; 3 18 14 35 33; 4 3; 12-3-1922
30335187; 34 9 24 41 48; 10 9; 29-8-1927
52123467; 45 44 38 1 31; 3 4; 22-11-1964
44952717; 12 24 9 11 3; 6 4; 24-12-2013
38759613; 33 38 18 7 31; 6 3; 5-1-1963
67097703; 20 23 37 45 38; 4 2; 20-11-1958
34564811; 12 46 14 45 35; 5 9; 7-10-1956
69284107; 29 49 46 38 14; 10 7; 27-4-2001
91716014; 12 39 19 47 25; 4 3; 25-2-1995
07569555; 49 22 4 44 13; 9 3; 28-12-1985
11764273; 9 28 19 49 29; 1 5; 12-2-1920
58338105; 28 32 27 9 13; 7 6; 13-4-1944
82132440; 26 7 15 20 14; 6 3; 10-5-1969
61580028; 5 13 22 35 33; 5 9; 10-6-1993
18822131; 9 39 30 14 21; 9 4; 27-4-2007
31622926; 8 22 19 10 39; 6 10; 23-7-2000
24071505; 22 10 39 7 2; 9 10; 27-12-1959
03052920; 35 45 15 4 36; 6 5; 3-8-1955
12652984; 15 21 14 5 30; 10 3; 9-11-1989
83508268; 27 47 46 41 40; 10 4; 17-2-2010
43995642; 24 41 23 42 11; 4 9; 18-3-1928
49674314; 21 39 33 20 37; 8 4; 6-10-1955
43212982; 45 42 35 11 29; 7 5; 17-11-1939
54274468; 8 15 4 33 5; 7 1; 17-4-2002
41324122; 16 22 34 38 18; 9 2; 6-11-2002
44261545; 1 34 22 8 9; 4 3; 2-10-2012
56797407; 16 28 35 48 6; 10 8; 6-7-1965
19855131; 3 36 48 4 26; 3 5; 4-10-1991
43868347; 31 2 14 46 41; 8 1; 24-4-1923
88465144; 8 19 18 6 47; 4 2; 2-11-2006
66356442; 2 49 29 34 28; 2 10; 1-1-1984
97508276; 37 8 1 9 18; 6 2; 30-1-1964
29107829; 20 47 30 19 41; 5 8; 28-5-1909
40140014; 44 18 17 7 21; 8 3; 10-3-1948
94733611; 22 47 40 33 24; 7 1; 18-2-1966
99220895; 7 24 10 9 4; 6 1; 21-1-1949
79391696; 19 26 9 12 49; 9 7; 9-11-1926
48772193; 24 4 7 31 47; 2 7; 12-6-1923
40381468; 6 7 4 38 13; 5 10; 1-9-1991
10980291; 39 15 31 24 8; 8 5; 29-5-2019
82106660; 20 13 37 25 22; 5 10; 26-1-1998
00019938; 45 25 31 47 26; 5 9; 7-2-1960
19530233; 5 49 32 31 39; 6 9; 27-4-1903
55314819; 7 14 42 3 49; 10 6; 22-7-1989
83606276; 13 24 26 49 20; 7 8; 18-10-1939
80670446; 2 34 10 1 37; 5 10; 20-9-1992
79317742; 35 29 49 14 28; 7 4; 31-7-1932
69319357; 6 10 37 47 9; 7 9; 5-7-1935
79713025; 3 31 8 24 27; 8 1; 17-4-2014
58572954; 45 20 39 11 36; 3 1; 12-6-1976
26560514; 40 3 49 17 36; 2 1; 17-3-2007
76126815; 17 35 21 39 29; 7 6; 30-5-1982
79064460; 28 14 25 48 34; 5 8; 9-4-1971
83027411; 37 48 40 14 28; 6 2; 17-10-1964
02446134; 29 45 6 38 17; 7 6; 6-6-1917
73374874; 45 20 31 17 23; 1 4; 21-4-2013
62274964; 22 42 40 38 37; 10 5; 19-4-1990
69956900; 23 2 49 21 32; 2 5; 6-4-1953
72258148; 32 43 23 45 16; 8 4; 10-10-1929
93503606; 42 34 10 30 40; 6 9; 6-4-2008
13766495; 18 49 37 30 32; 9 2; 21-5-1950
71399455; 14 44 41 15 42; 5 10; 10-7-1914
79676209; 9 21 14 47 22; 4 9; 19-11-2002
28800520; 39 8 4 38 30; 9 10; 2-4-1911
58409028; 10 47 28 31 2; 8 6; 5-8-2011
08883750; 22 3 14 8 36; 5 2; 24-8-1916
51844179; 38 3 26 9 21; 6 4; 23-11-1947
03902716; 17 6 49 3 13; 8 3; 1-8-1971
66428409; 42 18 45 36 35; 5 9; 19-7-1979
38009182; 11 2 40 28 44; 9 8; 8-10-1915
49729864; 18 31 4 37 8; 4 2; 23-5-2016
04143828; 10 47 45 29 27; 4 10; 8-11-1999
95245685; 23 32 37 47 44; 5 3; 10-5-2018
44557515; 16 18 38 47 37; 4 6; 26-2-1928
05273303; 31 4 13 8 18; 9 2; 1-2-1912
03741356; 17 16 20 18 33; 10 5; 5-2-2009
06479779; 12 21 45 23 46; 10 7; 16-3-1964
67739149; 17 37 15 38 47; 5 8; 15-1-1931
21880262; 39 44 14 27 30; 7 2; 21-4-1916
63068414; 23 25 46 10 14; 10 6; 16-5-2000
49321049; 46 11 29 42 6; 5 9; 1-12-1977
75400715; 36 29 40 8 13; 7 5; 8-1-1914
